1000 
3 
4.391602 7.428447 4.320800  
4.839635 3.252555 2.088486  
8.103200 2.772086 5.410690  
9.499886 8.129667 8.913882  
1.391564 4.204400 1.306877  
5.663250 4.027842 3.329600  
8.609338 7.665722 5.179185  
6.013045 6.742606 3.356863  
6.845167 6.155499 3.133223  
1.060476 9.496419 2.211207  
1.225203 3.888021 9.639654  
5.546003 8.727656 2.892209  
7.634489 6.830856 5.664295  
3.045179 6.330743 3.793962  
1.959062 7.722306 7.998362  
3.265939 3.385556 2.026204  
6.595539 1.994894 9.691926  
1.774724 8.007939 6.434532  
5.131587 4.853105 2.590031  
8.264810 5.913582 2.086450  
0.476017 7.138785 5.974471  
0.115671 2.684788 4.702127  
3.007879 0.319277 1.532983  
8.672174 3.364456 7.863726  
2.466136 5.323518 5.586032  
0.464498 8.589457 8.971588  
2.490702 5.184996 0.966482  
2.182628 6.959720 8.974421  
8.617160 2.091307 3.827526  
1.207191 0.356117 9.741108  
3.293641 0.832134 6.879893  
9.268112 0.947805 9.564681  
3.970239 3.955684 9.883958  
5.503222 2.627858 3.248415  
3.366948 5.093994 8.571932  
8.952981 5.558492 7.161389  
7.924569 8.049194 2.346385  
8.891051 0.231821 9.306105  
7.865471 8.848981 1.397412  
1.692997 0.056172 1.753529  
1.434105 3.349813 2.585663  
8.313998 2.617925 3.533468  
7.878679 6.588164 7.489152  
7.762638 2.091386 0.117010  
1.011052 5.458334 5.211004  
9.582985 4.411314 0.769496  
6.744374 2.335883 8.818689  
9.090759 1.226934 9.050511  
8.396864 9.092405 7.899492  
9.794276 0.785402 7.955664  
1.547805 2.219508 1.305477  
4.133469 0.533506 3.923402  
7.666936 8.412185 0.511566  
5.156088 6.174823 2.602951  
5.273098 7.185875 8.061285  
0.484102 6.768860 2.472600  
1.253598 3.513234 4.808483  
0.072287 2.603993 6.035416  
9.122798 1.000857 5.127822  
7.022290 0.795134 5.913224  
4.977954 2.342939 8.132732  
6.283431 6.476408 8.666237  
0.206833 4.143344 7.078423  
0.718399 9.299432 3.253245  
3.321351 4.572531 0.439121  
1.382636 5.056633 7.207981  
3.855235 6.310231 0.721215  
8.663718 6.382518 3.325208  
4.699134 5.505316 4.326065  
9.826956 2.527606 5.121199  
5.740180 7.505560 7.464138  
3.872912 3.788991 3.940546  
2.539149 3.995825 8.083890  
9.617571 4.714224 7.383322  
2.870817 8.035575 1.955853  
3.309937 9.418211 7.012486  
0.517918 3.273446 3.322717  
1.239133 1.937164 9.705236  
4.564340 6.636298 5.210552  
8.890406 6.463254 7.738158  
4.011605 2.203434 5.243718  
1.475743 6.076346 9.032710  
5.416289 8.615495 3.028535  
3.500179 8.233066 7.742759  
0.883501 1.103883 5.778334  
2.839354 4.413820 5.196544  
9.851840 4.931738 8.469990  
3.174558 6.170871 0.407154  
2.879793 0.735211 7.043452  
8.090345 9.625617 3.506707  
5.828504 3.637222 5.710141  
1.072222 5.112965 1.786487  
0.104932 0.529253 0.401982  
3.133467 4.029432 8.635048  
0.876225 4.912933 9.738931  
6.654559 7.752287 4.152751  
1.851103 7.604127 9.084490  
0.321093 0.778685 5.255361  
0.728247 3.658478 5.990572  
7.771699 1.748824 5.616189  
1.278406 7.577327 9.253411  
6.988548 8.649549 4.366376  
8.775035 8.754481 4.895629  
9.177017 1.887947 8.925061  
7.812065 2.764173 3.837994  
7.550996 9.418732 1.590281  
1.703747 1.269835 9.194408  
0.788237 1.590928 9.973093  
6.043598 2.319175 3.631572  
2.034170 0.090874 5.380395  
7.650359 1.369281 2.957722  
6.903770 8.357828 1.607271  
1.270146 7.132863 0.361752  
6.165775 6.309879 2.249699  
5.090836 4.121944 5.013872  
8.928830 1.672940 4.432604  
0.519111 3.376687 5.702439  
9.713520 4.164925 7.293367  
9.686613 0.208522 9.612541  
3.318184 2.242692 9.703416  
8.698579 9.893051 1.072696  
1.656302 6.796821 9.430524  
3.263573 8.066966 6.563387  
3.625324 4.232741 2.873266  
5.875024 9.323577 6.995211  
0.888896 8.252407 8.668151  
5.321500 8.771518 2.044838  
1.023938 8.485037 6.209763  
8.317305 8.171650 6.418285  
7.929846 1.489835 8.660977  
7.633262 0.188414 8.554028  
8.705958 1.844716 5.350848  
8.136483 5.108288 3.417815  
4.699870 8.733613 7.650556  
7.573136 4.608636 6.974132  
4.568346 5.497532 5.226539  
3.236497 0.819032 3.998057  
5.281335 1.842970 2.483094  
1.491098 0.160275 0.654745  
7.909382 8.090122 2.144579  
6.570359 5.723384 2.332993  
5.124387 4.429342 4.177709  
0.475235 2.565825 9.285997  
3.893050 7.265694 8.019610  
1.543606 4.838830 2.628246  
8.517738 9.407177 8.125779  
3.744277 2.643674 8.944811  
7.742334 7.925009 0.787781  
0.225429 9.416107 0.948056  
0.880173 7.325489 9.038178  
3.024753 3.895848 4.761562  
5.357746 9.020236 9.190904  
9.535455 9.495471 1.756729  
8.821452 3.388521 9.022423  
6.841062 4.932127 3.861253  
9.469309 3.449865 3.268430  
7.595087 7.194142 5.912104  
6.539898 4.936476 3.837113  
7.327679 5.161905 3.253220  
8.275735 6.042078 0.578709  
7.313913 9.066831 4.474558  
2.075475 4.424577 3.494793  
1.266379 3.960032 2.990264  
3.023107 2.781484 6.378785  
2.045531 9.622546 1.310912  
5.906784 9.091855 4.760777  
9.175214 6.686942 1.954919  
5.087319 3.226841 6.891395  
8.924432 0.554520 2.053300  
2.177652 8.830255 8.095378  
2.756361 6.144168 7.162209  
7.230918 8.219643 1.586786  
0.725711 9.486022 5.546818  
3.715976 2.509129 8.328302  
0.094761 4.554660 7.950848  
1.405673 0.461444 7.042703  
6.166450 9.636658 3.729646  
8.121369 4.723977 6.956486  
5.012764 3.648409 7.511006  
7.066065 5.826061 6.341261  
5.161443 8.582422 2.485429  
2.323652 5.813340 0.705072  
3.910438 6.539052 0.191094  
9.457256 0.255027 2.700224  
7.785558 0.349788 7.254884  
5.736406 1.755461 7.716328  
2.779109 7.921911 7.352986  
6.508755 6.043280 2.076963  
3.465241 1.056045 5.725372  
0.976247 8.122109 1.551433  
7.317508 3.283552 0.133854  
9.802937 5.607205 5.947194  
0.508009 9.517643 2.486246  
0.699104 8.974899 2.741273  
3.399327 6.760456 3.091061  
0.654211 2.496862 4.846522  
8.370539 5.275971 2.768433  
5.723524 1.784726 8.811713  
7.800487 5.249967 9.867758  
3.525859 6.226214 7.989867  
5.077292 3.543721 1.273420  
5.211146 3.346658 6.880624  
1.158340 3.854668 6.398267  
3.644586 4.553772 5.373166  
6.385859 7.953099 2.133622  
9.476920 8.607310 4.630485  
4.323442 6.977848 9.906456  
7.091875 2.701373 1.691182  
5.903588 0.501860 6.941149  
5.771346 4.027719 3.167363  
3.761214 9.105011 6.711084  
5.034634 4.316157 0.057743  
1.915258 5.474497 3.912410  
8.313525 9.119083 8.466182  
3.686691 5.504942 6.419281  
5.820314 4.981862 5.026591  
0.450799 9.305304 2.004439  
0.357255 6.397179 4.705812  
2.048437 2.300767 5.207672  
8.989586 8.072114 9.235391  
2.156948 1.833327 8.340402  
8.868033 6.867961 2.656559  
8.925775 8.783219 8.131056  
2.838185 7.096745 7.250139  
1.304367 0.783436 2.755081  
7.723648 6.603750 7.736942  
2.750239 7.054548 7.042246  
4.754678 7.411803 3.439425  
9.460489 9.460240 5.740192  
4.668161 8.449825 3.812306  
3.903552 0.606774 5.645633  
2.243954 9.474807 2.513594  
4.900513 8.400582 1.296813  
3.031568 1.238767 8.393558  
0.281707 2.543134 9.176994  
3.036788 0.266782 5.780743  
0.773730 3.017021 2.835291  
7.815976 7.771699 0.247094  
1.255401 7.232188 9.707334  
6.995593 1.900349 8.157159  
0.807899 5.803901 8.763933  
6.453532 8.047856 8.238740  
8.967126 2.948368 6.639321  
0.263939 5.979937 7.878088  
8.657497 6.261644 0.421223  
7.834490 9.298431 0.688005  
3.615233 0.072162 3.705026  
6.450525 7.888138 1.476725  
6.697619 9.143539 8.708913  
6.404953 6.139132 0.609262  
4.562112 6.947031 6.413163  
3.326045 3.400563 4.461019  
1.564785 2.367689 7.409387  
8.204106 2.631628 3.389324  
6.082194 1.289124 9.650968  
6.503417 9.123615 8.949399  
7.191422 2.738848 9.021561  
0.896448 9.189373 6.909698  
2.373173 5.886992 6.053238  
1.082085 2.291944 2.192370  
1.691347 6.854056 9.139401  
8.104510 0.180101 2.539964  
2.565529 1.744886 4.907653  
9.974916 9.948992 7.539280  
3.364240 6.031186 8.828405  
3.015208 2.534603 7.952019  
1.964607 9.726025 0.690868  
0.986167 0.622473 9.880241  
7.895866 2.995646 5.767232  
3.949103 4.077732 8.059177  
6.141473 5.769079 4.913233  
5.280874 3.873589 5.093334  
7.820838 6.439118 6.838219  
2.728491 6.414035 6.787211  
0.267771 9.778275 2.818397  
9.096176 2.793482 5.353000  
7.048195 4.758089 5.079025  
7.739063 5.744256 5.701498  
7.619304 3.640121 8.697145  
3.386536 7.589224 2.774876  
1.445713 3.730697 8.543955  
6.358945 9.011571 2.417545  
1.452279 6.832409 8.856663  
8.290498 9.560900 5.270698  
5.077709 9.828671 5.048972  
7.896106 8.924847 7.842454  
3.249106 5.973042 2.600543  
8.328130 3.712105 8.344799  
4.029629 1.331409 1.984920  
2.726773 4.717945 9.574145  
5.501650 6.163657 3.304842  
4.045605 2.522602 2.316413  
6.463149 3.974881 9.148823  
5.319812 2.265380 8.709723  
0.590510 7.343089 8.538394  
5.639482 5.239195 7.463241  
3.481936 8.488301 3.436283  
6.082479 6.816431 7.148388  
4.427278 0.846060 8.479797  
6.412198 3.572833 3.197741  
5.986343 9.074483 9.361398  
9.291185 3.120088 1.884001  
1.607598 9.583237 5.858882  
0.756421 4.903049 8.124262  
9.466144 5.493559 5.467351  
8.004538 1.133042 0.706546  
5.467778 4.614978 9.194847  
8.904061 0.697457 6.011278  
6.052450 5.124736 6.857338  
4.532246 1.536934 0.430172  
7.729987 7.523277 9.504654  
7.091386 6.814462 2.624742  
8.975386 8.422060 2.207979  
4.834269 9.178481 7.111028  
2.958531 8.644625 2.604588  
8.425882 6.649162 3.737629  
9.132428 2.116941 8.352607  
8.327275 1.021002 9.050065  
4.338554 7.073452 4.174801  
1.195892 1.605698 5.711735  
1.626064 9.335685 3.235012  
1.130718 6.427071 0.049474  
3.755460 5.402457 8.471534  
5.963439 0.236726 7.650015  
3.074467 3.195256 6.294640  
5.679055 1.621138 2.943802  
9.416684 0.753566 5.060742  
7.769292 9.080842 6.081744  
6.819357 3.419395 3.155196  
0.994157 4.615288 4.760894  
6.705892 6.241351 4.096579  
9.940905 7.372069 0.523650  
9.990379 1.127529 5.926107  
8.461913 7.090968 6.162833  
6.111928 0.165435 9.358090  
2.406568 5.844489 0.979228  
5.350370 5.261174 1.732794  
0.411112 3.030465 0.813636  
6.492857 9.849822 4.233031  
9.648053 0.843980 8.848319  
4.408946 7.549872 5.089670  
8.505526 7.490777 2.461740  
9.029176 7.481155 3.589269  
4.955283 5.943068 0.680236  
1.118116 2.054996 0.845671  
0.476206 4.461564 6.690160  
1.455434 9.811934 1.951334  
3.188228 0.223046 4.981799  
4.001864 6.715902 4.831622  
8.234895 6.363955 5.675601  
7.083214 0.772901 3.225473  
2.172884 9.278427 0.716250  
4.634624 8.307603 8.197405  
8.223892 3.262886 4.140473  
8.904129 4.381002 6.195469  
9.749799 4.857209 0.657033  
6.439960 6.312643 0.468967  
8.391294 9.500871 0.692012  
3.373093 3.502735 7.407915  
8.204715 1.737630 3.771870  
3.880316 8.820844 4.544771  
7.105789 0.993728 3.823198  
7.822039 5.628352 2.130801  
6.019443 3.852245 5.393686  
0.159916 2.756373 9.774689  
6.355385 2.506173 4.631897  
7.012418 8.946132 0.944540  
7.481385 7.337426 0.445411  
8.173398 0.710519 3.948145  
5.581312 8.915234 5.685775  
9.353182 2.795550 4.506620  
3.897953 9.901339 5.500348  
7.721150 7.723377 1.128700  
9.851951 3.742821 4.980945  
5.245637 3.902737 7.737318  
5.020326 0.258122 0.243491  
9.652223 7.270541 9.189623  
0.596763 4.751926 6.527049  
1.042174 2.925323 7.237569  
4.990319 8.506636 6.152802  
0.676095 7.859817 8.948352  
5.182714 1.757770 8.849690  
0.683062 9.478920 6.573068  
1.811762 9.330871 0.315888  
6.792707 4.576508 4.218625  
4.530025 9.596834 4.476747  
4.773516 9.249057 1.747288  
3.963139 9.845821 6.499214  
0.490189 0.887995 9.424537  
7.727757 5.878314 7.931173  
3.880560 6.554409 5.790990  
2.828912 1.737123 7.548760  
1.678602 2.420186 7.027680  
8.251670 4.231948 6.358551  
8.567558 1.024655 0.935059  
2.786182 5.554681 0.531893  
7.262930 0.328197 9.780951  
9.010217 4.291336 9.626772  
5.509431 4.781525 0.514766  
4.933968 2.509282 6.393080  
2.865141 6.389842 2.947489  
8.656131 9.218754 4.684612  
6.204891 0.897356 7.104798  
3.232570 9.149025 1.336746  
9.591121 7.716583 2.361401  
0.526181 0.502765 7.916082  
1.058074 7.765695 8.244279  
0.839025 6.775913 2.535615  
0.465796 2.285344 7.317140  
0.980563 7.219312 9.826422  
7.373643 0.084453 6.216264  
0.321132 8.740584 5.435018  
5.005744 4.945474 6.332374  
2.110542 8.178045 5.481399  
3.447287 7.769166 3.197982  
5.808689 8.295347 3.700748  
3.724770 9.353421 1.466443  
1.969049 0.192446 8.242355  
4.504664 0.658242 0.527699  
1.821804 1.638804 7.747011  
1.648226 9.012447 7.831464  
7.864490 9.333579 6.572048  
3.299508 4.339322 1.517522  
9.631882 6.449864 9.695567  
5.113281 9.897152 7.464733  
8.311263 5.705840 5.760080  
2.012011 9.430611 5.113500  
3.478454 1.399660 5.305946  
1.720809 5.904323 5.964188  
2.248508 7.726127 7.602992  
9.995519 9.374353 6.615439  
7.826983 7.238843 5.949018  
4.399030 0.538351 0.288340  
5.916552 0.170233 6.738204  
5.612119 5.283514 6.635356  
3.076852 3.594778 2.341196  
8.836931 5.606789 1.771807  
3.950432 9.085242 3.171466  
9.256377 0.806051 9.075789  
5.220565 3.054559 6.801916  
2.823558 3.050078 6.176269  
9.438997 0.877061 3.415112  
5.388015 5.276091 3.953462  
5.676355 1.192643 4.123695  
2.414559 6.804762 9.407209  
9.049915 9.881613 3.001987  
1.391111 8.718544 8.608775  
3.162918 2.668976 7.694018  
6.334384 1.925353 8.500069  
5.410173 7.145919 1.554628  
2.212089 9.969476 4.604706  
8.388358 9.408473 5.481767  
1.803470 4.796488 0.757858  
5.756932 0.472842 1.950501  
9.880627 2.887402 8.755262  
9.287837 1.937317 8.636875  
2.289823 3.328428 7.355420  
0.898599 6.491345 0.024396  
8.592617 2.825729 1.949749  
7.092686 8.235902 9.095668  
8.647314 0.447991 9.065144  
3.252020 8.836350 8.473617  
8.733787 0.639820 3.270104  
9.491645 6.396752 3.742947  
1.442145 6.277379 6.630348  
0.197407 5.565216 8.567665  
8.834283 7.855039 1.896092  
6.189702 8.753638 8.387438  
6.214098 7.346255 1.213166  
8.163847 4.438940 9.449068  
7.259514 3.086254 9.897060  
6.324658 6.338274 8.733410  
4.798275 5.072061 9.373229  
8.068380 4.563706 5.769981  
1.811327 6.005851 2.047360  
8.441675 6.203259 7.612576  
7.009340 5.037542 5.467616  
8.905432 1.227244 4.221254  
7.292870 7.441342 1.567508  
8.506036 5.605189 6.006449  
7.955105 2.864703 9.092703  
7.852164 9.189361 5.430978  
6.585574 3.987637 0.503039  
5.958803 2.056017 5.066745  
1.728784 3.867343 1.072597  
3.776144 2.309018 7.275855  
1.388721 9.318358 2.313397  
6.856336 8.223790 3.540641  
1.077590 5.516660 0.981983  
2.645098 4.022697 6.587171  
8.651547 1.977801 9.451874  
7.744250 9.829965 8.641236  
3.175228 6.415539 2.628873  
3.678267 2.374342 4.684889  
8.745012 4.103126 8.552232  
9.817609 7.879271 0.861251  
7.093464 9.267991 0.179609  
9.406861 6.124327 8.403399  
2.947502 7.201917 3.920059  
3.929485 9.847016 7.942756  
0.516656 8.498563 9.920557  
9.968531 6.242813 9.750522  
8.609767 9.418041 6.166061  
1.238639 3.096308 8.540403  
5.923529 1.841320 2.643530  
4.475761 1.658929 0.522800  
5.337012 8.752393 9.790791  
5.516620 8.159254 5.915119  
3.920019 1.106756 3.117036  
7.840079 5.036241 2.964052  
5.782834 5.552897 1.462615  
5.703391 5.521428 7.705428  
5.453913 4.131195 7.123469  
1.619975 5.369834 0.219778  
0.160378 1.293363 2.061098  
2.803908 5.769124 3.720026  
3.326708 1.106135 2.472419  
3.117499 6.622755 0.631673  
9.032618 0.542775 1.738429  
2.149654 8.382853 6.774670  
5.113706 4.165687 2.327567  
6.576320 9.869079 7.848995  
4.281749 5.322992 1.980190  
1.405218 6.942967 7.350024  
1.624996 7.103345 8.643386  
3.686093 9.907252 4.412510  
7.406120 3.233960 5.518645  
9.878539 6.351459 2.141401  
0.510212 5.384077 2.684175  
2.248640 7.533731 1.067029  
9.023310 2.647437 5.232716  
1.350877 9.223757 5.101795  
9.199872 3.505506 0.424787  
1.180061 4.910724 7.367753  
8.530085 6.535720 4.471098  
7.173471 0.221813 4.378350  
1.585982 7.627933 7.612310  
7.104627 7.506471 3.963769  
9.246028 8.016683 9.347846  
1.930203 0.265323 6.881578  
2.997232 9.288633 9.529014  
8.229948 0.639510 8.752772  
3.331742 9.839381 2.258278  
3.756529 1.019442 7.169002  
1.124282 9.549527 3.704721  
5.595380 6.722999 3.926534  
9.973730 8.308980 1.554467  
7.586040 5.413608 9.060938  
1.549809 4.659635 7.077621  
0.897656 6.589839 7.342944  
7.779233 9.587070 6.631577  
7.308247 7.817018 7.271087  
6.061019 1.148760 7.110468  
8.319297 4.905289 8.129911  
5.488299 6.029571 7.679438  
9.193020 1.624951 4.402437  
3.119554 1.598681 2.711417  
4.674021 9.184721 8.125025  
3.734959 0.734530 2.784660  
0.812580 1.632185 9.374499  
8.155524 9.411418 8.961569  
4.787102 6.719666 6.778588  
2.058188 2.780685 7.927348  
9.168656 1.099982 2.832637  
7.298567 6.588281 8.862209  
4.978005 5.781301 0.487160  
9.380442 8.900855 2.085841  
2.091859 3.574875 1.270561  
0.216884 7.309834 2.005091  
3.001545 8.122415 3.637277  
2.376043 6.277939 3.048695  
1.337613 1.065041 9.768361  
8.116200 3.123229 2.549046  
6.043548 2.291885 3.649028  
8.876186 9.590452 0.237309  
7.738394 4.568457 6.018609  
8.225554 3.948899 4.919464  
0.311395 6.040759 8.494339  
1.581956 6.257643 5.804174  
3.587047 9.259187 3.926588  
7.224323 1.635231 0.204527  
0.273018 2.972844 1.269568  
0.041379 1.089044 4.392797  
2.590426 7.132593 6.684682  
6.239454 6.008778 6.275134  
6.476763 3.747173 0.843592  
2.495372 1.972727 4.792491  
7.414836 2.284121 0.833250  
5.909175 3.866077 7.090893  
1.713349 7.453124 6.350080  
5.639937 4.677448 7.985311  
5.844464 4.950466 0.958155  
7.114032 4.991845 2.047199  
1.506828 7.582271 9.179792  
8.191510 3.821725 5.188570  
4.466645 0.298487 8.935743  
5.310236 2.793859 0.908469  
0.102727 0.208695 3.192591  
0.935977 6.117870 7.058668  
8.026870 7.831219 4.511792  
4.376950 3.471156 9.189240  
2.362261 9.315620 4.139706  
3.320415 6.429652 9.131551  
5.367614 7.936480 6.713822  
4.547406 6.127991 0.535547  
9.735976 0.594636 0.834034  
8.671719 5.904872 3.627893  
9.580188 6.007599 3.836589  
2.772779 6.943576 9.954459  
9.831447 4.970446 7.785678  
4.343239 9.347395 1.256834  
3.532478 1.709656 0.572454  
7.672184 5.030072 7.002106  
6.803735 0.397686 4.938587  
3.517557 4.945092 1.066578  
4.053103 4.681068 1.661213  
4.887137 3.352786 7.566085  
8.515031 2.932974 3.573684  
2.351619 5.705753 0.517260  
2.306078 5.537200 5.487706  
0.091756 9.880438 4.835102  
1.348590 3.412916 6.544758  
1.921045 1.085100 1.574829  
8.923151 7.888834 1.972515  
3.861738 1.406391 6.917607  
4.928316 5.459494 1.598675  
6.589529 0.346631 4.951462  
4.155614 8.861662 7.884436  
7.729298 1.213281 3.590189  
8.246559 3.519359 9.127389  
3.734265 3.611115 9.007827  
8.569367 4.959706 2.420743  
5.114124 6.880750 3.505843  
6.688954 5.803901 1.394677  
8.661469 9.665639 2.801068  
5.579077 4.593955 8.260562  
7.177752 1.183484 8.607194  
2.129214 5.339098 7.468856  
0.013650 3.068396 8.682136  
3.603839 1.314954 2.201495  
2.731228 5.049219 5.812611  
1.739055 3.618586 0.772316  
4.159798 8.732710 7.653066  
7.665641 5.421664 3.456968  
9.060318 4.083134 3.122607  
1.861386 9.662210 7.716562  
0.121949 6.839963 8.900046  
8.729143 8.969177 4.239144  
6.197998 8.982827 7.307540  
4.880135 2.586666 8.622494  
7.081630 5.317893 3.671713  
2.894240 7.056948 7.290299  
3.666557 1.216746 6.023009  
1.319623 8.882386 1.444673  
4.776591 7.942705 5.527807  
7.899198 9.804091 5.190017  
5.615760 9.926040 2.029980  
4.515806 8.655183 0.999156  
8.754950 4.853181 9.981983  
6.062490 9.733315 2.568648  
4.684983 6.814945 7.886542  
8.356696 9.709186 4.943490  
5.646995 3.375742 6.160235  
1.670004 4.695365 5.042622  
3.114677 9.471956 2.985326  
8.642484 7.371153 2.789417  
3.832501 2.986914 2.715457  
5.862481 7.502720 1.370640  
6.861637 6.257670 6.223820  
6.843620 2.320160 5.957136  
9.412269 7.005143 2.772081  
7.298810 5.361839 2.481266  
2.242300 1.008835 5.857008  
8.402535 2.678839 0.552373  
3.445157 5.793516 0.024329  
6.430483 4.436000 7.395482  
9.219900 8.268502 0.382396  
1.935358 4.130983 7.885116  
3.305997 0.992620 4.142786  
9.529818 7.836241 6.462945  
5.486953 7.248509 3.468088  
8.259034 4.547320 8.829928  
0.740300 6.789620 9.838762  
6.597308 5.192155 2.517601  
7.149681 8.637312 8.311117  
7.174010 5.067795 2.747118  
4.569492 4.287696 1.015619  
4.951888 6.223053 5.146602  
2.837003 9.529050 6.139222  
6.979789 9.058868 3.975463  
3.442734 4.545821 1.223972  
6.910822 2.804855 5.771292  
5.740750 3.545155 2.560911  
5.579512 0.142463 7.753067  
8.097113 7.292144 6.390379  
6.408231 4.466154 1.458174  
9.155348 9.035646 5.745869  
0.170968 3.987534 1.968923  
5.317569 6.824537 1.497973  
1.456792 3.804325 0.556841  
5.432254 7.247059 5.102662  
6.656226 4.157881 7.907517  
2.427518 9.898631 1.452671  
4.988429 5.478143 1.595134  
2.741496 3.575256 8.887278  
9.131874 9.983487 3.353432  
0.590048 9.138835 2.389078  
6.335918 9.309803 6.376612  
8.304840 4.627372 3.201148  
9.802813 6.084164 7.005473  
0.359654 1.516418 4.252532  
5.462316 8.172644 8.410413  
3.369832 0.600161 8.309044  
4.822504 5.588590 3.787187  
6.417638 8.330086 7.362443  
5.304916 7.461960 7.345930  
8.658348 8.052008 6.484765  
1.047427 4.387926 5.794568  
7.424038 2.692766 0.421940  
0.625186 2.495579 6.506103  
7.630660 2.855233 8.022521  
1.883192 8.317548 6.195164  
0.293606 1.687381 6.795326  
8.602650 6.509884 2.383916  
2.389837 2.927522 0.714002  
9.752280 8.232439 8.175962  
7.098210 6.890787 6.227970  
3.582975 7.938214 0.615896  
9.377542 5.362252 3.308662  
9.799482 5.987438 5.804241  
6.305585 3.618098 8.659473  
4.328106 5.501290 6.977022  
0.523271 5.794896 8.664402  
7.318596 4.397545 5.174287  
9.702512 6.787382 8.101809  
0.416514 6.539662 6.334248  
8.592475 3.637872 3.225035  
4.820445 7.220847 1.163249  
5.436341 6.598389 6.525500  
8.745003 6.397871 2.512938  
4.549243 2.703456 6.131036  
3.208717 7.031563 1.632326  
0.185738 7.554833 7.427222  
8.850141 4.873429 1.824768  
4.024428 4.575941 8.612150  
2.126237 4.992455 5.151812  
8.460485 3.584930 8.789684  
1.685520 8.405376 6.010530  
2.848769 3.841717 2.608920  
9.374269 2.586720 9.006791  
1.887208 7.135963 1.710247  
8.018244 0.344680 8.741810  
9.650570 0.530418 6.296643  
7.077792 9.380559 1.170072  
8.902560 3.404987 5.746014  
7.514709 5.531224 0.738469  
2.666521 3.991709 4.323399  
1.456205 5.677229 2.728775  
7.466736 8.525997 6.570491  
0.075655 7.900267 9.157211  
9.082446 9.787474 6.293174  
0.792693 7.805718 6.637854  
9.534502 7.456288 7.168272  
5.831145 4.534080 6.548831  
7.001217 3.436640 9.953818  
2.747231 0.951349 5.485042  
3.485700 3.617871 9.476750  
7.809099 5.074076 5.153979  
0.537873 2.540812 3.679977  
7.108364 2.616467 1.580243  
6.265575 1.698912 1.367717  
2.558749 2.491605 9.173435  
9.196603 2.026108 6.629723  
6.364875 7.857253 1.163804  
2.913706 4.858470 4.600444  
2.867524 7.605701 5.551793  
8.352565 1.091401 9.169664  
7.829316 8.900499 4.243740  
2.983295 9.438372 6.784551  
6.663271 6.546737 9.401018  
8.243514 2.812312 1.099931  
9.611232 5.371061 3.591536  
8.784667 4.567664 5.617644  
5.414390 0.932539 3.474897  
6.578193 3.846245 8.333367  
1.178637 6.713769 5.939068  
6.730430 5.066334 7.030469  
5.900094 2.895650 5.930968  
0.143834 5.878945 5.369340  
6.928385 2.542216 1.916077  
6.329403 0.785730 4.728389  
7.429334 0.396962 0.099450  
1.020870 9.181629 4.667114  
6.638514 4.596018 5.599653  
0.113410 1.174212 9.445898  
8.446777 2.352849 6.159667  
4.385845 9.083279 1.226001  
1.416313 4.983373 4.121650  
7.347281 5.127207 0.000595  
2.716622 2.055592 2.542811  
4.632699 8.384995 3.328541  
9.361088 5.814329 3.725503  
9.460538 6.835199 2.907131  
4.127653 3.473713 7.503150  
9.727306 3.587123 8.677362  
9.173204 2.033899 1.030211  
5.332870 6.419744 0.113490  
6.558871 7.836058 5.096863  
0.680521 5.183339 0.224070  
0.681116 7.899960 2.279662  
3.223927 2.532659 0.664657  
6.552468 1.893747 6.478986  
0.277971 1.354285 3.314185  
3.185102 5.481938 6.787898  
0.688252 5.209244 0.375020  
9.365614 4.382447 2.408920  
0.395825 9.715318 8.828664  
0.509315 6.274188 6.664721  
5.606177 6.954709 1.848060  
5.830247 7.635825 9.748021  
8.109909 0.859752 2.280680  
8.774565 7.412220 4.174427  
5.253551 7.690191 5.528712  
8.567736 0.875293 1.010650  
5.355634 1.563545 6.219894  
5.730654 0.929159 0.602341  
8.139573 1.324984 0.317659  
6.968237 1.834298 6.591847  
3.632958 7.440476 3.546557  
5.481018 3.270723 1.182382  
5.229039 1.380631 2.042134  
7.509719 0.155197 9.454354  
1.684145 5.408748 7.144544  
7.212857 3.976484 8.019837  
8.223507 9.332118 9.583382  
4.443401 5.062772 0.512541  
5.045742 3.202345 1.837524  
5.363401 0.170582 3.671823  
1.955249 3.803540 1.112299  
5.501805 9.284558 4.383021  
6.684188 4.513597 5.763653  
8.726322 2.023316 5.918850  
8.180676 3.707461 1.327598  
5.325220 0.920318 5.304082  
3.345057 9.143826 4.636200  
2.928439 3.587227 9.698971  
3.440980 8.632969 2.901316  
5.278505 3.996370 3.071898  
8.950328 5.951619 6.875438  
0.062626 1.453424 6.159997  
4.445648 8.137612 0.673594  
0.209300 6.863934 2.696910  
6.128150 5.044609 6.404371  
7.455748 0.369829 7.324690  
2.759830 3.714887 6.468515  
7.396029 6.643326 0.055742  
7.095001 0.084307 8.688712  
9.996317 5.362812 2.685082  
3.068215 4.313139 8.636701  
9.943654 4.375765 0.090125  
6.103651 8.821413 8.227737  
6.777245 9.030713 5.091671  
9.474155 5.158863 0.136280  
5.878526 2.614611 0.506110  
3.203215 5.374441 4.220996  
9.671731 2.770470 0.864323  
9.727473 9.865471 0.948629  
8.416185 9.861788 6.311441  
1.101267 2.930003 0.624580  
9.737968 2.873657 5.000345  
9.828094 8.977308 3.821758  
8.055831 5.754553 2.852471  
3.147501 5.228708 8.011335  
3.283781 1.107234 0.625946  
3.789891 4.310449 6.000387  
8.010887 3.982180 8.770857  
8.875210 3.709653 8.636328  
9.823840 2.125838 8.498116  
6.135281 3.227105 1.428119  
6.759861 2.965073 4.301777  
1.760206 2.793167 3.279085  
5.581964 0.848998 9.033637  
8.434435 3.996499 4.262345  
6.445770 7.280281 5.369579  
7.071716 1.070172 9.680028  
3.072102 9.081059 3.662208  
1.842959 7.956269 7.371861  
0.479287 7.780109 9.497699  
8.977402 3.915389 2.724805  
0.405522 0.675250 5.689878  
4.707298 2.435456 8.483045  
7.986383 8.017420 9.332043  
7.020020 6.451855 3.328542  
1.282365 2.897625 0.608822  
6.651944 9.969341 1.678994  
6.331972 3.041443 0.760053  
9.994179 4.884402 8.716322  
7.366041 5.363688 6.496431  
6.863740 4.341091 0.411820  
9.588545 4.746612 1.087070  
5.278423 9.453911 3.522526  
3.761468 7.440294 1.539946  
3.093510 4.460314 7.991801  
6.422052 5.742679 0.889426  
7.030875 2.394623 0.858767  
8.709869 8.726595 3.900210  
9.469922 8.720774 8.784611  
8.186244 6.086815 4.148299  
4.682675 2.950555 8.489390  
5.094495 2.539099 3.236002  
6.181566 7.817522 2.689913  
9.704092 1.578990 0.130207  
1.244038 4.672500 4.590521  
9.235840 1.094553 0.333200  
0.125266 8.125427 2.727823  
0.984033 6.835296 1.454418  
4.884243 6.305218 0.175193  
3.668854 4.491461 6.262007  
7.817154 9.174136 9.212562  
6.306544 4.268631 1.751662  
9.542546 0.450197 9.569184  
2.232459 0.154289 1.148174  
2.362666 1.398327 5.820674  
6.953187 0.634166 6.915227  
7.286387 0.759432 5.040654  
0.014211 1.743465 1.875950  
1.468629 6.627708 8.181168  
1.643821 0.296562 2.672629  
7.905829 8.113716 1.846765  
7.118391 4.420260 6.115396  
8.870053 3.962806 6.565593  
8.439237 6.195265 6.719881  
9.587411 8.557931 8.118208  
5.408085 5.511118 8.752374  
2.323312 2.797506 9.511806  
7.363966 2.811716 1.255271  
9.239916 4.280345 7.882980  
7.421083 5.924167 8.179542  
0.093712 3.829996 6.293258  
1.940477 0.948387 0.713518  
8.055873 9.818440 4.676324  
4.621466 8.257677 0.871589  
1.341347 7.845087 9.429521  
9.459555 3.253172 4.940639  
8.211929 5.576484 7.738145  
7.723735 2.940450 0.549861  
8.979006 2.180366 4.830206  
6.861986 9.601449 0.754373  
5.041528 9.695161 4.584368  
1.334787 1.635638 5.532755  
2.048305 9.691511 5.351195  
6.724629 4.312977 3.608871  
7.596218 5.654324 1.453959  
7.025739 5.113879 4.707131  
1.966378 3.325808 0.283615  
9.704523 1.049543 3.224065  
0.254384 0.028549 5.404431  
5.084590 6.890535 5.005880  
5.838963 1.932064 4.701041  
0.423331 3.266850 6.336679  
5.956086 5.315155 6.028191  
1.307281 2.039784 0.341168  
4.916153 9.636002 5.995492  
6.370111 6.661741 1.109371  
1.077242 8.628119 4.435178  
1.360857 8.332641 5.484721  
4.584922 8.587025 5.513270  
9.989353 3.671615 2.403805  
4.995232 9.510578 4.335869  
9.696273 9.933909 7.602719  
6.032952 5.889995 2.917874  
2.061143 7.197277 4.957658  
2.402311 2.113429 4.593660  
8.397803 8.483541 1.255401  
9.507173 9.560783 9.883520  
3.942352 0.921640 8.216161  
9.427073 5.506563 6.803186  
4.940343 5.495915 0.474801  
7.344148 0.491147 9.985379  
1.680017 0.187421 9.919288  
9.282737 6.220373 5.809284  
2.200611 8.281516 3.006560  
7.158269 0.683827 5.119990  
1.751930 9.081629 3.603530  
3.007331 8.588803 3.164313  
2.890851 2.531154 4.085954  
1.107012 1.958227 9.592516  
7.910198 6.898570 5.088431  
8.384999 4.242718 5.579579  
8.370378 5.922735 5.766999  
8.289667 5.205472 1.987372  
4.098950 7.406083 0.268888  
7.105511 4.564352 0.952715  
2.225500 6.316282 0.034345  
5.829030 9.323613 8.623147  
8.993344 2.214464 1.154302  
3.079297 3.321476 3.112529  
2.671813 1.231674 0.011099  
7.760245 9.616673 4.253816  
3.339823 7.987051 0.176551  
