1100 
3 
13.174806 22.285341 12.962400  
14.518905 9.757665 6.265457  
24.309601 8.316258 16.232071  
28.499659 24.389001 26.741647  
4.174691 12.613200 3.920632  
16.989749 12.083527 9.988800  
25.828013 22.997165 15.537555  
18.039136 20.227819 10.070590  
20.535500 18.466497 9.399668  
3.181429 28.489257 6.633620  
3.675610 11.664063 28.918962  
16.638010 26.182968 8.676626  
22.903466 20.492569 16.992884  
9.135538 18.992228 11.381885  
5.877185 23.166919 23.995086  
9.797817 10.156668 6.078613  
19.786617 5.984681 29.075778  
5.324172 24.023816 19.303596  
15.394762 14.559316 7.770093  
24.794430 17.740745 6.259350  
1.428050 21.416355 17.923413  
0.347012 8.054365 14.106381  
9.023638 0.957831 4.598950  
26.016522 10.093369 23.591178  
7.398407 15.970554 16.758097  
1.393493 25.768371 26.914765  
7.472106 15.554987 2.899445  
6.547883 20.879159 26.923262  
25.851480 6.273921 11.482578  
3.621573 1.068351 29.223324  
9.880923 2.496402 20.639679  
27.804335 2.843414 28.694044  
11.910716 11.867052 29.651875  
16.509666 7.883574 9.745244  
10.100844 15.281982 25.715797  
26.858942 16.675475 21.484168  
23.773706 24.147581 7.039155  
26.673152 0.695464 27.918315  
23.596414 26.546944 4.192236  
5.078992 0.168517 5.260588  
4.302316 10.049439 7.756990  
24.941994 7.853775 10.600403  
23.636038 19.764491 22.467456  
23.287913 6.274157 0.351030  
3.033157 16.375001 15.633012  
28.748954 13.233943 2.308487  
20.233122 7.007649 26.456068  
27.272278 3.680801 27.151532  
25.190592 27.277215 23.698476  
29.382829 2.356207 23.866992  
4.643416 6.658523 3.916432  
12.400406 1.600517 11.770206  
23.000809 25.236556 1.534697  
15.468265 18.524469 7.808854  
15.819295 21.557626 24.183856  
1.452307 20.306580 7.417799  
3.760794 10.539702 14.425448  
0.216862 7.811980 18.106249  
27.368394 3.002572 15.383465  
21.066870 2.385401 17.739672  
14.933862 7.028817 24.398195  
18.850294 19.429223 25.998712  
0.620500 12.430032 21.235268  
2.155198 27.898297 9.759736  
9.964052 13.717592 1.317362  
4.147908 15.169899 21.623942  
11.565706 18.930693 2.163644  
25.991154 19.147555 9.975624  
14.097403 16.515949 12.978196  
29.480868 7.582819 15.363597  
17.220540 22.516681 22.392414  
11.618735 11.366974 11.821637  
7.617447 11.987475 24.251670  
28.852714 14.142672 22.149967  
8.612450 24.106724 5.867559  
9.929812 28.254632 21.037459  
1.553754 9.820338 9.968152  
3.717398 5.811492 29.115707  
13.693021 19.908895 15.631656  
26.671217 19.389763 23.214475  
12.034814 6.610303 15.731155  
4.427229 18.229038 27.098130  
16.248866 25.846484 9.085604  
10.500536 24.699199 23.228277  
2.650503 3.311649 17.335001  
8.518062 13.241461 15.589632  
29.555521 14.795215 25.409970  
9.523673 18.512613 1.221462  
8.639380 2.205634 21.130357  
24.271036 28.876851 10.520121  
17.485511 10.911666 17.130424  
3.216666 15.338894 5.359462  
0.314795 1.587760 1.205946  
9.400400 12.088296 25.905144  
2.628676 14.738799 29.216793  
19.963677 23.256861 12.458254  
5.553309 22.812382 27.253469  
0.963279 2.336055 15.766082  
2.184741 10.975435 17.971716  
23.315098 5.246471 16.848567  
3.835219 22.731981 27.760233  
20.965643 25.948647 13.099127  
26.325104 26.263442 14.686887  
27.531050 5.663842 26.775183  
23.436194 8.292518 11.513982  
22.652988 28.256195 4.770843  
5.111242 3.809505 27.583225  
2.364711 4.772784 29.919280  
18.130793 6.957525 10.894715  
6.102509 0.272623 16.141185  
22.951076 4.107842 8.873166  
20.711309 25.073484 4.821813  
3.810437 21.398588 1.085256  
18.497324 18.929638 6.749098  
15.272508 12.365832 15.041616  
26.786490 5.018820 13.297812  
1.557333 10.130062 17.107316  
29.140559 12.494774 21.880100  
29.059839 0.625567 28.837624  
9.954553 6.728076 29.110247  
26.095738 29.679153 3.218089  
4.968905 20.390462 28.291573  
9.790718 24.200899 19.690161  
10.875973 12.698223 8.619799  
17.625071 27.970730 20.985632  
2.666687 24.757220 26.004452  
15.964499 26.314554 6.134514  
3.071815 25.455112 18.629288  
24.951915 24.514951 19.254855  
23.789539 4.469504 25.982931  
22.899786 0.565242 25.662083  
26.117875 5.534147 16.052545  
24.409448 15.324865 10.253444  
14.099609 26.200838 22.951667  
22.719408 13.825909 20.922397  
13.705039 16.492597 15.679617  
9.709491 2.457096 11.994171  
15.844005 5.528911 7.449283  
4.473293 0.480826 1.964234  
23.728147 24.270365 6.433738  
19.711078 17.170151 6.998980  
15.373161 13.288027 12.533127  
1.425706 7.697474 27.857992  
11.679150 21.797083 24.058830  
4.630817 14.516491 7.884739  
25.553214 28.221531 24.377336  
11.232832 7.931022 26.834432  
23.227003 23.775027 2.363343  
0.676286 28.248320 2.844169  
2.640520 21.976467 27.114534  
9.074258 11.687545 14.284685  
16.073238 27.060707 27.572712  
28.606365 28.486413 5.270186  
26.464357 10.165563 27.067269  
20.523187 14.796380 11.583760  
28.407926 10.349595 9.805291  
22.785262 21.582426 17.736313  
19.619694 14.809429 11.511340  
21.983037 15.485715 9.759660  
24.827206 18.126235 1.736127  
21.941740 27.200492 13.423673  
6.226425 13.273730 10.484379  
3.799136 11.880095 8.970792  
9.069322 8.344452 19.136356  
6.136592 28.867639 3.932736  
17.720352 27.275565 14.282331  
27.525643 20.060827 5.864757  
15.261956 9.680522 20.674186  
26.773296 1.663559 6.159901  
6.532956 26.490765 24.286135  
8.269083 18.432505 21.486628  
21.692755 24.658929 4.760358  
2.177134 28.458066 16.640453  
11.147927 7.527388 24.984905  
0.284283 13.663980 23.852544  
4.217019 1.384332 21.128109  
18.499350 28.909975 11.188937  
24.364107 14.171931 20.869459  
15.038293 10.945227 22.533018  
21.198194 17.478182 19.023783  
15.484329 25.747265 7.456288  
6.970957 17.440020 2.115217  
11.731315 19.617155 0.573283  
28.371768 0.765081 8.100671  
23.356673 1.049364 21.764651  
17.209218 5.266383 23.148983  
8.337327 23.765733 22.058958  
19.526264 18.129841 6.230889  
10.395723 3.168134 17.176115  
2.928740 24.366328 4.654298  
21.952523 9.850657 0.401563  
29.408811 16.821614 17.841583  
1.524028 28.552928 7.458737  
2.097311 26.924696 8.223819  
10.197982 20.281369 9.273183  
1.962633 7.490587 14.539566  
25.111616 15.827914 8.305299  
17.170573 5.354178 26.435140  
23.401462 15.749901 29.603274  
10.577577 18.678641 23.969602  
15.231875 10.631164 3.820259  
15.633438 10.039975 20.641873  
3.475021 11.564003 19.194802  
10.933758 13.661315 16.119498  
19.157577 23.859297 6.400867  
28.430760 25.821930 13.891454  
12.970326 20.933545 29.719368  
21.275625 8.104118 5.073546  
17.710765 1.505580 20.823447  
17.314039 12.083157 9.502088  
11.283642 27.315032 20.133252  
15.103901 12.948470 0.173228  
5.745774 16.423491 11.737231  
24.940576 27.357249 25.398546  
11.060074 16.514826 19.257842  
17.460941 14.945586 15.079772  
1.352396 27.915911 6.013317  
1.071764 19.191536 14.117435  
6.145310 6.902301 15.623016  
26.968757 24.216341 27.706173  
6.470845 5.499982 25.021206  
26.604098 20.603883 7.969676  
26.777325 26.349658 24.393167  
8.514556 21.290234 21.750416  
3.913102 2.350307 8.265242  
23.170944 19.811249 23.210827  
8.250716 21.163644 21.126739  
14.264033 22.235408 10.318275  
28.381468 28.380719 17.220576  
14.004484 25.349476 11.436917  
11.710657 1.820322 16.936899  
6.731862 28.424420 7.540782  
14.701538 25.201745 3.890440  
9.094705 3.716301 25.180673  
0.845121 7.629403 27.530981  
9.110363 0.800347 17.342229  
2.321190 9.051063 8.505874  
23.447929 23.315096 0.741282  
3.766204 21.696564 29.122001  
20.986780 5.701048 24.471478  
2.423696 17.411704 26.291799  
19.360595 24.143567 24.716219  
26.901377 8.845105 19.917964  
0.791817 17.939810 23.634265  
25.972490 18.784931 1.263668  
23.503471 27.895294 2.064015  
10.845700 0.216485 11.115078  
19.351574 23.664414 4.430174  
20.092856 27.430617 26.126738  
19.214858 18.417397 1.827785  
13.686335 20.841093 19.239490  
9.978135 10.201689 13.383056  
4.694354 7.103066 22.228161  
24.612318 7.894883 10.167971  
18.246583 3.867373 28.952903  
19.510251 27.370844 26.848197  
21.574267 8.216545 27.064682  
2.689345 27.568119 20.729095  
7.119519 17.660975 18.159713  
3.246256 6.875833 6.577110  
5.074041 20.562168 27.418203  
24.313531 0.540303 7.619892  
7.696587 5.234657 14.722958  
29.924749 29.846975 22.617841  
10.092720 18.093558 26.485214  
9.045623 7.603809 23.856058  
5.893820 29.178075 2.072603  
2.958501 1.867420 29.640722  
23.687597 8.986939 17.301697  
11.847309 12.233195 24.177530  
18.424419 17.307237 14.739698  
15.842622 11.620768 15.280001  
23.462514 19.317355 20.514658  
8.185472 19.242104 20.361633  
0.803313 29.334824 8.455190  
27.288527 8.380447 16.058999  
21.144586 14.274266 15.237074  
23.217189 17.232767 17.104495  
22.857911 10.920364 26.091434  
10.159608 22.767673 8.324629  
4.337138 11.192092 25.631866  
19.076836 27.034714 7.252634  
4.356837 20.497228 26.569989  
24.871495 28.682700 15.812093  
15.233128 29.486013 15.146916  
23.688318 26.774541 23.527363  
9.747317 17.919126 7.801629  
24.984391 11.136315 25.034397  
12.088886 3.994226 5.954760  
8.180320 14.153834 28.722434  
16.504949 18.490971 9.914526  
12.136815 7.567807 6.949240  
19.389448 11.924644 27.446468  
15.959437 6.796140 26.129168  
1.771530 22.029268 25.615182  
16.918446 15.717586 22.389723  
10.445809 25.464902 10.308849  
18.247438 20.449294 21.445164  
13.281835 2.538180 25.439390  
19.236595 10.718499 9.593224  
17.959029 27.223448 28.084195  
27.873555 9.360263 5.652002  
4.822794 28.749711 17.576646  
2.269262 14.709148 24.372786  
28.398431 16.480678 16.402054  
24.013613 3.399125 2.119639  
16.403335 13.844934 27.584542  
26.712184 2.092372 18.033835  
18.157349 15.374207 20.572015  
13.596739 4.610803 1.290515  
23.189962 22.569832 28.513963  
21.274157 20.443386 7.874225  
26.926159 25.266180 6.623937  
14.502806 27.535443 21.333085  
8.875592 25.933874 7.813764  
25.277645 19.947486 11.212888  
27.397284 6.350822 25.057822  
24.981826 3.063006 27.150195  
13.015661 21.220355 12.524402  
3.587677 4.817093 17.135205  
4.878191 28.007056 9.705036  
3.392154 19.281213 0.148422  
11.266379 16.207372 25.414603  
17.890316 0.710178 22.950046  
9.223401 9.585769 18.883919  
17.037164 4.863414 8.831406  
28.250053 2.260699 15.182227  
23.307875 27.242525 18.245233  
20.458070 10.258186 9.465588  
2.982472 13.845863 14.282682  
20.117677 18.724054 12.289737  
29.822714 22.116208 1.570950  
29.971136 3.382587 17.778322  
25.385739 21.272903 18.488500  
18.335784 0.496304 28.074269  
7.219703 17.533468 2.937684  
16.051109 15.783521 5.198382  
1.233336 9.091396 2.440907  
19.478570 29.549467 12.699094  
28.944158 2.531939 26.544957  
13.226839 22.649616 15.269011  
25.516577 22.472330 7.385219  
27.087527 22.443465 10.767806  
14.865850 17.829204 2.040709  
3.354349 6.164989 2.537012  
1.428619 13.384692 20.070481  
4.366302 29.435801 5.854002  
9.564685 0.669137 14.945398  
12.005592 20.147707 14.494865  
24.704686 19.091865 17.026803  
21.249642 2.318704 9.676419  
6.518653 27.835281 2.148749  
13.903872 24.922808 24.592214  
24.671677 9.788658 12.421419  
26.712386 13.143007 18.586407  
29.249398 14.571626 1.971099  
19.319879 18.937928 1.406900  
25.173881 28.502612 2.076037  
10.119279 10.508204 22.223744  
24.614144 5.212890 11.315609  
11.640947 26.462532 13.634313  
21.317367 2.981185 11.469593  
23.466116 16.885057 6.392402  
18.058330 11.556734 16.181059  
0.479749 8.269120 29.324066  
19.066156 7.518518 13.895692  
21.037255 26.838397 2.833620  
22.444155 22.012278 1.336232  
24.520193 2.131557 11.844436  
16.743937 26.745701 17.057326  
28.059545 8.386649 13.519859  
11.693858 29.704016 16.501044  
23.163451 23.170131 3.386100  
29.555853 11.228462 14.942834  
15.736912 11.708211 23.211954  
15.060978 0.774367 0.730472  
28.956670 21.811622 27.568870  
1.790290 14.255778 19.581148  
3.126522 8.775970 21.712706  
14.970958 25.519907 18.458407  
2.028285 23.579452 26.845056  
15.548143 5.273309 26.549071  
2.049187 28.436761 19.719203  
5.435287 27.992613 0.947664  
20.378122 13.729525 12.655875  
13.590076 28.790503 13.430241  
14.320548 27.747172 5.241864  
11.889418 29.537462 19.497641  
1.470566 2.663984 28.273611  
23.183272 17.634942 23.793518  
11.641679 19.663227 17.372970  
8.486735 5.211370 22.646279  
5.035806 7.260557 21.083040  
24.755009 12.695844 19.075653  
25.702673 3.073966 2.805177  
8.358547 16.664042 1.595680  
21.788789 0.984590 29.342853  
27.030652 12.874009 28.880315  
16.528294 14.344575 1.544298  
14.801905 7.527847 19.179240  
8.595423 19.169526 8.842467  
25.968393 27.656261 14.053837  
18.614672 2.692067 21.314393  
9.697711 27.447076 4.010238  
28.773364 23.149749 7.084203  
1.578542 1.508296 23.748245  
3.174222 23.297085 24.732836  
2.517074 20.327738 7.606844  
1.397389 6.856031 21.951419  
2.941688 21.657936 29.479267  
22.120928 0.253359 18.648793  
0.963395 26.221751 16.305054  
15.017231 14.836423 18.997122  
6.331625 24.534134 16.444198  
10.341862 23.307499 9.593947  
17.426066 24.886040 11.102243  
11.174311 28.060262 4.399328  
5.907147 0.577337 24.727066  
13.513991 1.974726 1.583097  
5.465411 4.916413 23.241033  
4.944677 27.037341 23.494391  
23.593470 28.000736 19.716143  
9.898524 13.017967 4.552566  
28.895646 19.349592 29.086700  
15.339844 29.691455 22.394199  
24.933790 17.117520 17.280239  
6.036033 28.291832 15.340501  
10.435361 4.198979 15.917838  
5.162427 17.712970 17.892563  
6.745524 23.178381 22.808977  
29.986556 28.123058 19.846318  
23.480948 21.716528 17.847054  
13.197091 1.615052 0.865021  
17.749656 0.510698 20.214613  
16.836356 15.850542 19.906068  
9.230555 10.784333 7.023588  
26.510794 16.820366 5.315420  
11.851295 27.255727 9.514398  
27.769132 2.418154 27.227368  
15.661696 9.163678 20.405749  
8.470673 9.150234 18.528807  
28.316990 2.631182 10.245335  
16.164044 15.828272 11.860387  
17.029065 3.577929 12.371086  
7.243677 20.414285 28.221628  
27.149745 29.644839 9.005960  
4.173333 26.155633 25.826326  
9.488753 8.006928 23.082053  
19.003151 5.776060 25.500207  
16.230520 21.437756 4.663885  
6.636268 29.908429 13.814119  
25.165075 28.225419 16.445301  
5.410410 14.389463 2.273573  
17.270797 1.418527 5.851502  
29.641882 8.662205 26.265786  
27.863510 5.811950 25.910626  
6.869470 9.985283 22.066259  
2.695797 19.474035 0.073187  
25.777850 8.477186 5.849247  
21.278057 24.707706 27.287003  
25.941942 1.343974 27.195432  
9.756060 26.509049 25.420851  
26.201361 1.919459 9.810313  
28.474934 19.190256 11.228841  
4.326436 18.832138 19.891045  
0.592222 16.695648 25.702995  
26.502848 23.565118 5.688277  
18.569107 26.260915 25.162313  
18.642294 22.038764 3.639499  
24.491540 13.316821 28.347205  
21.778543 9.258763 29.691179  
18.973975 19.014823 26.200229  
14.394826 15.216184 28.119688  
24.205139 13.691118 17.309943  
5.433980 18.017554 6.142081  
25.325025 18.609777 22.837729  
21.028020 15.112625 16.402847  
26.716297 3.681732 12.663761  
21.878610 22.324025 4.702525  
25.518109 16.815566 18.019347  
23.865314 8.594109 27.278109  
23.556493 27.568084 16.292933  
19.756721 11.962910 1.509117  
17.876409 6.168050 15.200235  
5.186352 11.602029 3.217790  
11.328433 6.927054 21.827566  
4.166162 27.955074 6.940191  
20.569009 24.671371 10.621923  
3.232770 16.549981 2.945948  
7.935295 12.068090 19.761514  
25.954642 5.933403 28.355623  
23.232751 29.489896 25.923708  
9.525684 19.246617 7.886618  
11.034801 7.123026 14.054668  
26.235036 12.309379 25.656697  
29.452826 23.637812 2.583752  
21.280392 27.803974 0.538826  
28.220583 18.372982 25.210197  
8.842507 21.605752 11.760178  
11.788455 29.541047 23.828268  
1.549969 25.495689 29.761671  
29.905592 18.728440 29.251567  
25.829300 28.254124 18.498184  
3.715918 9.288925 25.621210  
17.770586 5.523960 7.930589  
13.427283 4.976786 1.568401  
16.011035 26.257178 29.372374  
16.549860 24.477761 17.745356  
11.760058 3.320268 9.351108  
23.520236 15.108723 8.892155  
17.348503 16.658692 4.387844  
17.110174 16.564284 23.116284  
16.361740 12.393584 21.370408  
4.859924 16.109502 0.659333  
0.481134 3.880088 6.183293  
8.411723 17.307371 11.160079  
9.980123 3.318406 7.417257  
9.352497 19.868266 1.895018  
27.097854 1.628324 5.215286  
6.448962 25.148559 20.324009  
15.341117 12.497062 6.982701  
19.728961 29.607236 23.546985  
12.845246 15.968976 5.940569  
4.215654 20.828900 22.050071  
4.874987 21.310034 25.930159  
11.058280 29.721757 13.237530  
22.218359 9.701880 16.555936  
29.635616 19.054378 6.424203  
1.530635 16.152231 8.052526  
6.745921 22.601193 3.201086  
27.069929 7.942311 15.698148  
4.052630 27.671272 15.305384  
27.599615 10.516518 1.274360  
3.540184 14.732172 22.103259  
25.590255 19.607159 13.413293  
21.520414 0.665439 13.135050  
4.757945 22.883798 22.836930  
21.313881 22.519414 11.891308  
27.738084 24.050049 28.043539  
5.790610 0.795969 20.644733  
8.991695 27.865899 28.587043  
24.689843 1.918529 26.258315  
9.995227 29.518144 6.774833  
11.269586 3.058327 21.507005  
3.372846 28.648582 11.114164  
16.786139 20.168997 11.779603  
29.921189 24.926941 4.663400  
22.758120 16.240823 27.182815  
4.649427 13.978906 21.232863  
2.692967 19.769516 22.028833  
23.337699 28.761211 19.894732  
21.924742 23.451055 21.813260  
18.183058 3.446281 21.331404  
24.957891 14.715868 24.389732  
16.464896 18.088714 23.038314  
27.579060 4.874853 13.207311  
9.358662 4.796043 8.134252  
14.022062 27.554162 24.375075  
11.204877 2.203590 8.353981  
2.437741 4.896556 28.123497  
24.466573 28.234255 26.884708  
14.361305 20.158998 20.335763  
6.174565 8.342055 23.782044  
27.505969 3.299946 8.497912  
21.895701 19.764842 26.586626  
14.934015 17.343902 1.461479  
28.141326 26.702564 6.257522  
6.275578 10.724626 3.811684  
0.650653 21.929503 6.015273  
9.004634 24.367244 10.911830  
7.128130 18.833817 9.146085  
4.012838 3.195122 29.305083  
24.348601 9.369687 7.647138  
18.130645 6.875656 10.947085  
26.628557 28.771357 0.711927  
23.215183 13.705372 18.055828  
24.676662 11.846698 14.758392  
0.934184 18.122276 25.483018  
4.745867 18.772929 17.412521  
10.761141 27.777562 11.779765  
21.672970 4.905693 0.613581  
0.819055 8.918531 3.808703  
0.124138 3.267132 13.178390  
7.771277 21.397778 20.054046  
18.718361 18.026335 18.825403  
19.430288 11.241518 2.530775  
7.486116 5.918180 14.377473  
22.244508 6.852364 2.499749  
17.727525 11.598231 21.272678  
5.140046 22.359372 19.050240  
16.919811 14.032343 23.955933  
17.533392 14.851398 2.874464  
21.342095 14.975536 6.141597  
4.520485 22.746813 27.539375  
24.574531 11.465174 15.565710  
13.399934 0.895462 26.807228  
15.930709 8.381578 2.725408  
0.308182 0.626086 9.577772  
2.807931 18.353611 21.176004  
24.080609 23.493657 13.535376  
13.130849 10.413468 27.567719  
7.086782 27.946861 12.419117  
9.961246 19.288956 27.394653  
16.102843 23.809441 20.141466  
13.642218 18.383972 1.606640  
29.207928 1.783907 2.502102  
26.015156 17.714616 10.883680  
28.740564 18.022798 11.509766  
8.318336 20.830729 29.863377  
29.494340 14.911337 23.357034  
13.029716 28.042186 3.770503  
10.597434 5.128968 1.717363  
23.016551 15.090215 21.006319  
20.411204 1.193058 14.815760  
10.552670 14.835276 3.199733  
12.159310 14.043204 4.983639  
14.661412 10.058359 22.698255  
25.545092 8.798923 10.721053  
7.054857 17.117259 1.551781  
6.918234 16.611599 16.463119  
0.275268 29.641315 14.505305  
4.045771 10.238749 19.634274  
5.763134 3.255300 4.724488  
26.769454 23.666503 5.917546  
11.585214 4.219173 20.752822  
14.784947 16.378482 4.796026  
19.768586 1.039894 14.854385  
12.466841 26.584985 23.653308  
23.187894 3.639843 10.770567  
24.739676 10.558077 27.382166  
11.202795 10.833345 27.023481  
25.708100 14.879117 7.262229  
15.342373 20.642251 10.517529  
20.066862 17.411704 4.184032  
25.984408 28.996918 8.403205  
16.737231 13.781865 24.781687  
21.533257 3.550452 25.821581  
6.387642 16.017293 22.406567  
0.040950 9.205187 26.046409  
10.811517 3.944863 6.604486  
8.193683 15.147657 17.437832  
5.217164 10.855757 2.316948  
12.479393 26.198131 22.959199  
22.996922 16.264993 10.370903  
27.180955 12.249401 9.367822  
5.584159 28.986631 23.149687  
0.365847 20.519888 26.700138  
26.187428 26.907530 12.717431  
18.593994 26.948480 21.922619  
14.640404 7.759997 25.867481  
21.244890 15.953680 11.015139  
8.682721 21.170844 21.870896  
10.999670 3.650237 18.069027  
3.958869 26.647159 4.334020  
14.329772 23.828114 16.583420  
23.697594 29.412273 15.570052  
16.847281 29.778120 6.089939  
13.547419 25.965548 2.997469  
26.264850 14.559542 29.945949  
18.187469 29.199945 7.705945  
14.054950 20.444835 23.659625  
25.070089 29.127557 14.830469  
16.940985 10.127226 18.480706  
5.010012 14.086095 15.127865  
9.344032 28.415867 8.955979  
25.927452 22.113460 8.368252  
11.497504 8.960741 8.146372  
17.587443 22.508160 4.111919  
20.584912 18.773010 18.671461  
20.530861 6.960479 17.871407  
28.236806 21.015429 8.316242  
21.896431 16.085518 7.443798  
6.726900 3.026504 17.571025  
25.207606 8.036516 1.657119  
10.335471 17.380549 0.072986  
19.291449 13.308001 22.186446  
27.659701 24.805505 1.147187  
5.806073 12.392948 23.655347  
9.917992 2.977860 12.428357  
28.589453 23.508722 19.388835  
16.460859 21.745528 10.404265  
24.777101 13.641959 26.489783  
2.220900 20.368860 29.516287  
19.791924 15.576465 7.552804  
21.449044 25.911936 24.933352  
21.522030 15.203386 8.241353  
13.708476 12.863087 3.046858  
14.855663 18.669159 15.439806  
8.511009 28.587151 18.417666  
20.939366 27.176604 11.926388  
10.328201 13.637463 3.671916  
20.732466 8.414564 17.313875  
17.222249 10.635464 7.682734  
16.738536 0.427388 23.259200  
24.291340 21.876432 19.171136  
19.224692 13.398462 4.374522  
27.466045 27.106938 17.237608  
0.512903 11.962601 5.906768  
15.952708 20.473610 4.493919  
4.370375 11.412976 1.670522  
16.296762 21.741177 15.307986  
19.968678 12.473643 23.722550  
7.282553 29.695892 4.358014  
14.965287 16.434428 4.785403  
8.224487 10.725768 26.661835  
27.395623 29.950460 10.060297  
1.770144 27.416505 7.167234  
19.007753 27.929408 19.129835  
24.914520 13.882116 9.603445  
29.408439 18.252491 21.016420  
1.078961 4.549253 12.757597  
16.386947 24.517931 25.231240  
10.109497 1.800483 24.927132  
14.467511 16.765771 11.361561  
19.252914 24.990257 22.087329  
15.914749 22.385880 22.037790  
25.975045 24.156025 19.454295  
3.142280 13.163778 17.383703  
22.272114 8.078298 1.265819  
1.875559 7.486737 19.518310  
22.891979 8.565698 24.067563  
5.649577 24.952645 18.585493  
0.880817 5.062142 20.385977  
25.807949 19.529653 7.151747  
7.169510 8.782567 2.142005  
29.256840 24.697316 24.527885  
21.294629 20.672361 18.683910  
10.748924 23.814641 1.847687  
28.132627 16.086755 9.925985  
29.398446 17.962314 17.412722  
18.916756 10.854293 25.978420  
12.984318 16.503870 20.931065  
1.569812 17.384687 25.993207  
21.955789 13.192636 15.522861  
29.107536 20.362147 24.305428  
1.249541 19.618986 19.002744  
25.777426 10.913616 9.675105  
14.461336 21.662540 3.489746  
16.309023 19.795167 19.576501  
26.235009 19.193613 7.538815  
13.647730 8.110369 18.393109  
9.626150 21.094688 4.896979  
0.557215 22.664500 22.281666  
26.550422 14.620288 5.474303  
12.073283 13.727824 25.836449  
6.378711 14.977365 15.455436  
25.381455 10.754791 26.369051  
5.056560 25.216127 18.031591  
8.546306 11.525150 7.826759  
28.122807 7.760159 27.020372  
5.661623 21.407889 5.130741  
24.054732 1.034039 26.225429  
28.951711 1.591255 18.889928  
21.233377 28.141677 3.510217  
26.707679 10.214960 17.238041  
22.544128 16.593671 2.215406  
7.999564 11.975126 12.970197  
4.368615 17.031686 8.186324  
22.400207 25.577992 19.711474  
0.226965 23.700800 27.471633  
27.247337 29.362422 18.879522  
2.378078 23.417154 19.913561  
28.603507 22.368864 21.504816  
17.493436 13.602241 19.646493  
21.003652 10.309920 29.861454  
8.241693 2.854048 16.455125  
10.457099 10.853612 28.430251  
23.427296 15.222228 15.461937  
1.613619 7.622435 11.039930  
21.325093 7.849400 4.740729  
18.796726 5.096737 4.103151  
7.676247 7.474816 27.520305  
27.589808 6.078323 19.889170  
19.094624 23.571759 3.491411  
8.741118 14.575411 13.801331  
8.602571 22.817104 16.655379  
25.057696 3.274202 27.508992  
23.487947 26.701498 12.731219  
8.949884 28.315117 20.353654  
19.989814 19.640210 28.203054  
24.730543 8.436936 3.299792  
28.833695 16.113184 10.774608  
26.354000 13.702992 16.852931  
16.243170 2.797616 10.424690  
19.734580 11.538734 25.000100  
3.535911 20.141306 17.817204  
20.191290 15.199002 21.091406  
17.700282 8.686949 17.792904  
0.431501 17.636834 16.108021  
20.785156 7.626648 5.748231  
18.988210 2.357191 14.185168  
22.288002 1.190886 0.298351  
3.062610 27.544886 14.001343  
19.915541 13.788055 16.798960  
0.340230 3.522636 28.337694  
25.340330 7.058547 18.479000  
13.157534 27.249837 3.678002  
4.248940 14.950119 12.364951  
22.041844 15.381620 0.001785  
8.149865 6.166776 7.628432  
13.898096 25.154986 9.985623  
28.083264 17.442987 11.176509  
28.381615 20.505597 8.721394  
12.382958 10.421138 22.509450  
29.181917 10.761368 26.032086  
27.519611 6.101698 3.090632  
15.998611 19.259232 0.340470  
19.676612 23.508173 15.290589  
2.041563 15.550017 0.672209  
2.043348 23.699881 6.838985  
9.671780 7.597978 1.993970  
19.657403 5.681241 19.436958  
0.833912 4.062856 9.942555  
9.555307 16.445814 20.363693  
2.064756 15.627731 1.125060  
28.096842 13.147342 7.226759  
1.187474 29.145953 26.485991  
1.527944 18.822565 19.994164  
16.818532 20.864128 5.544180  
17.490741 22.907476 29.244062  
24.329726 2.579256 6.842039  
26.323696 22.236659 12.523280  
15.760654 23.070572 16.586136  
25.703209 2.625878 3.031950  
16.066901 4.690635 18.659681  
17.191961 2.787476 1.807024  
24.418720 3.974951 0.952977  
20.904711 5.502895 19.775542  
10.898875 22.321427 10.639670  
16.443055 9.812169 3.547147  
15.687116 4.141894 6.126403  
22.529156 0.465590 28.363062  
5.052436 16.226244 21.433633  
21.638572 11.929453 24.059512  
24.670522 27.996354 28.750146  
13.330203 15.188315 1.537623  
15.137227 9.607035 5.512573  
16.090204 0.511746 11.015468  
5.865746 11.410621 3.336896  
16.505416 27.853675 13.149064  
20.052563 13.540792 17.290959  
26.178965 6.069947 17.756549  
24.542027 11.122383 3.982793  
15.975661 2.760955 15.912246  
10.035172 27.431478 13.908599  
8.785318 10.761681 29.096914  
10.322941 25.898908 8.703949  
15.835514 11.989111 9.215695  
26.850983 17.854857 20.626315  
0.187878 4.360273 18.479991  
13.336943 24.412835 2.020783  
0.627901 20.591801 8.090730  
18.384450 15.133828 19.213113  
22.367243 1.109488 21.974069  
8.279489 11.144661 19.405546  
22.188088 19.929979 0.167227  
21.285002 0.252920 26.066135  
29.988951 16.088435 8.055246  
9.204646 12.939417 25.910103  
29.830961 13.127296 0.270376  
18.310952 26.464238 24.683212  
20.331735 27.092140 15.275012  
28.422465 15.476590 0.408840  
17.635578 7.843833 1.518329  
9.609646 16.123322 12.662989  
29.015193 8.311411 2.592968  
29.182420 29.596413 2.845888  
25.248555 29.585364 18.934323  
3.303801 8.790010 1.873740  
29.213904 8.620972 15.001036  
29.484281 26.931924 11.465274  
24.167492 17.263658 8.557414  
9.442504 15.686123 24.034004  
9.851344 3.321701 1.877837  
11.369673 12.931347 18.001160  
24.032662 11.946540 26.312570  
26.625631 11.128960 25.908983  
29.471519 6.377515 25.494348  
18.405842 9.681316 4.284358  
20.279582 8.895220 12.905330  
5.280618 8.379501 9.837254  
16.745892 2.546993 27.100912  
25.303306 11.989497 12.787035  
19.337310 21.840842 16.108736  
21.215147 3.210515 29.040083  
9.216306 27.243177 10.986623  
5.528876 23.868808 22.115583  
1.437860 23.340326 28.493098  
26.932207 11.746168 8.174414  
1.216565 2.025750 17.069634  
14.121895 7.306368 25.449135  
23.959149 24.052260 27.996128  
21.060061 19.355566 9.985625  
3.847096 8.692875 1.826467  
19.955832 29.908022 5.036982  
18.995915 9.124328 2.280159  
29.982538 14.653205 26.148966  
22.098122 16.091064 19.489293  
20.591220 13.023272 1.235461  
28.765634 14.239837 3.261211  
15.835268 28.361732 10.567579  
11.284403 22.320881 4.619839  
9.280531 13.380942 23.975404  
19.266157 17.228038 2.668279  
21.092624 7.183870 2.576301  
26.129606 26.179785 11.700629  
28.409765 26.162323 26.353834  
24.558731 18.260445 12.444898  
14.048024 8.851664 25.468170  
15.283485 7.617298 9.708007  
18.544697 23.452566 8.069740  
29.112276 4.736970 0.390621  
3.732114 14.017501 13.771563  
27.707519 3.283658 0.999601  
0.375798 24.376282 8.183470  
2.952099 20.505888 4.363255  
14.652729 18.915653 0.525578  
11.006563 13.474384 18.786022  
23.451461 27.522408 27.637687  
18.919631 12.805893 5.254985  
28.627638 1.350590 28.707552  
6.697378 0.462866 3.444521  
7.087999 4.194980 17.462023  
20.859561 1.902499 20.745681  
21.859162 2.278297 15.121962  
0.042632 5.230396 5.627850  
4.405887 19.883125 24.543503  
4.931464 0.889687 8.017886  
23.717487 24.341148 5.540295  
21.355174 13.260780 18.346188  
26.610159 11.888418 19.696778  
25.317711 18.585796 20.159644  
28.762232 25.673794 24.354624  
16.224255 16.533355 26.257122  
6.969935 8.392517 28.535419  
22.091898 8.435149 3.765814  
27.719748 12.841035 23.648939  
22.263250 17.772500 24.538626  
0.281137 11.489987 18.879775  
5.821431 2.845160 2.140554  
24.167619 29.455319 14.028972  
13.864397 24.773030 2.614768  
4.024041 23.535262 28.288562  
28.378664 9.759517 14.821917  
24.635786 16.729452 23.214434  
23.171205 8.821349 1.649583  
26.937019 6.541097 14.490619  
20.585959 28.804347 2.263119  
15.124585 29.085484 13.753105  
4.004360 4.906915 16.598265  
6.144914 29.074534 16.053584  
20.173887 12.938931 10.826614  
22.788654 16.962972 4.361876  
21.077216 15.341637 14.121393  
5.899134 9.977423 0.850845  
29.113568 3.148628 9.672194  
0.763151 0.085647 16.213292  
15.253770 20.671606 15.017639  
17.516889 5.796191 14.103123  
1.269994 9.800551 19.010038  
17.868259 15.945465 18.084572  
3.921844 6.119352 1.023503  
14.748458 28.908006 17.986476  
19.110334 19.985222 3.328112  
3.231727 25.884356 13.305535  
4.082572 24.997924 16.454163  
13.754766 25.761075 16.539810  
29.968058 11.014845 7.211416  
14.985697 28.531734 13.007607  
29.088819 29.801727 22.808158  
18.098857 17.669986 8.753623  
6.183429 21.591830 14.872975  
7.206932 6.340288 13.780981  
25.193408 25.450622 3.766204  
28.521520 28.682349 29.650560  
11.827055 2.764921 24.648483  
28.281218 16.519688 20.409558  
14.821028 16.487746 1.424404  
22.032444 1.473442 29.956137  
5.040051 0.562262 29.757865  
27.848210 18.661119 17.427851  
6.601833 24.844548 9.019681  
21.474808 2.051480 15.359969  
5.255790 27.244888 10.810591  
9.021993 25.766408 9.492940  
8.672553 7.593463 12.257861  
3.321036 5.874681 28.777548  
23.730594 20.695709 15.265294  
25.154998 12.728153 16.738736  
25.111135 17.768205 17.300998  
24.869000 15.616415 5.962117  
12.296851 22.218248 0.806665  
21.316532 13.693056 2.858146  
6.676501 18.948845 0.103034  
17.487091 27.970839 25.869442  
26.980031 6.643391 3.462905  
9.237892 9.964427 9.337586  
8.015440 3.695021 0.033296  
23.280734 28.850019 12.761449  
10.019470 23.961154 0.529654  
27.320468 18.830154 16.146069  
3.282585 1.127005 8.364316  
4.089250 22.443537 22.057372  
6.947395 29.120037 11.006218  
7.050429 16.607129 8.977056  
2.919871 13.587160 15.620447  
6.382777 22.825051 25.584874  
15.720363 0.840491 29.279896  
15.753659 24.121225 28.129915  
28.515108 4.140694 22.091070  
29.044762 1.461162 10.921224  
15.190830 4.743747 12.048229  
23.555147 8.832996 4.491766  
15.612519 15.780392 3.611803  
26.618736 22.830821 20.218932  
5.595793 25.750692 3.806091  
21.216240 2.133468 26.631143  
16.801114 17.853831 27.471634  
16.081010 3.607490 21.592859  
14.210925 2.122598 25.733553  
6.301995 1.167359 27.194715  
17.223218 16.358190 1.938462  
29.271447 9.913336 10.771458  
3.763213 25.525855 26.551850  
7.375016 22.144592 19.382671  
27.593947 27.740384 15.133363  
1.400039 18.956624 17.266831  
28.031182 5.757738 5.120663  
25.502816 21.838748 8.728153  
17.095674 6.049673 10.850750  
12.829227 12.351667 12.018109  
10.023943 29.574886 28.376299  
11.962405 28.846333 8.289635  
22.733863 2.609545 3.815491  
19.285713 9.984561 25.960082  
8.668384 7.578508 23.700466  
23.801746 8.978547 12.657090  
11.068577 7.009728 18.414828  
16.189240 2.512544 10.253576  
24.917393 19.608218 16.303249  
5.768143 2.437446 28.654916  
17.786252 12.461388 28.229802  
16.162551 24.423793 27.076135  
24.452187 17.157656 29.685680  
28.267678 6.443368 9.670240  
24.227760 15.111752 17.248748  
17.928226 8.913498 26.227295  
0.585317 19.982076 3.237024  
19.000145 6.171316 5.749568  
29.253721 1.088708 25.357786  
15.556970 6.856851 27.795232  
14.211887 24.643103 10.256620  
12.441688 10.805655 4.680413  
9.517823 5.257842 21.838068  
9.203503 3.525519 28.281437  
18.873743 27.753279 13.393189  
6.122492 15.681505 22.306687  
2.349787 16.266822 12.288763  
5.586810 5.266967 18.460078  
11.336378 4.520688 19.548787  
6.694164 20.077658 26.405638  
4.489395 4.289545 21.048741  
14.746015 16.731233 1.854396  
19.426428 26.249056 7.112237  
11.264496 5.452559 10.637756  
9.545933 24.326302 8.391035  
22.939122 0.448793 24.072540  
15.245809 2.798580 10.339362  
27.534572 8.385390 15.606329  
15.994650 19.721768 20.127016  
5.543437 26.415932 10.204674  
1.949075 0.905328 14.494219  
22.997816 15.651343 1.225452  
24.852211 5.077771 27.474508  
1.964449 16.342268 2.927067  
12.602205 25.888201 27.253369  
20.993240 18.827323 27.702162  
15.065780 4.073132 0.500742  
25.405142 1.607704 8.886133  
11.011471 17.602354 28.607901  
1.138487 23.145791 25.023834  
11.343162 25.094866 25.929161  
25.837381 18.092682 11.580505  
27.062833 12.944893 16.658276  
24.537341 14.909342 3.000543  
27.464407 27.511547 28.888744  
24.717776 18.504787 17.716067  
22.419938 3.570568 21.789199  
22.920681 28.975710 23.396903  
1.806813 9.987181 10.999257  
0.414715 11.125668 4.145049  
25.438548 22.468829 29.239915  
21.367710 18.306210 17.332596  
2.948214 15.369042 0.277490  
19.606490 9.906383 15.186832  
22.607033 7.370790 12.698379  
21.495778 2.088567 1.203166  
9.211845 24.508505 4.773733  
1.001044 17.429186 3.749443  
24.397947 19.235999 13.736624  
