2100 
4 
13.174806 22.285341 12.962400 14.518905  
9.757665 6.265457 24.309601 8.316258  
16.232071 28.499659 24.389001 26.741647  
4.174691 12.613200 3.920632 16.989749  
12.083527 9.988800 25.828013 22.997165  
15.537555 18.039136 20.227819 10.070590  
20.535500 18.466497 9.399668 3.181429  
28.489257 6.633620 3.675610 11.664063  
28.918962 16.638010 26.182968 8.676626  
22.903466 20.492569 16.992884 9.135538  
18.992228 11.381885 5.877185 23.166919  
23.995086 9.797817 10.156668 6.078613  
19.786617 5.984681 29.075778 5.324172  
24.023816 19.303596 15.394762 14.559316  
7.770093 24.794430 17.740745 6.259350  
1.428050 21.416355 17.923413 0.347012  
8.054365 14.106381 9.023638 0.957831  
4.598950 26.016522 10.093369 23.591178  
7.398407 15.970554 16.758097 1.393493  
25.768371 26.914765 7.472106 15.554987  
2.899445 6.547883 20.879159 26.923262  
25.851480 6.273921 11.482578 3.621573  
1.068351 29.223324 9.880923 2.496402  
20.639679 27.804335 2.843414 28.694044  
11.910716 11.867052 29.651875 16.509666  
7.883574 9.745244 10.100844 15.281982  
25.715797 26.858942 16.675475 21.484168  
23.773706 24.147581 7.039155 26.673152  
0.695464 27.918315 23.596414 26.546944  
4.192236 5.078992 0.168517 5.260588  
4.302316 10.049439 7.756990 24.941994  
7.853775 10.600403 23.636038 19.764491  
22.467456 23.287913 6.274157 0.351030  
3.033157 16.375001 15.633012 28.748954  
13.233943 2.308487 20.233122 7.007649  
26.456068 27.272278 3.680801 27.151532  
25.190592 27.277215 23.698476 29.382829  
2.356207 23.866992 4.643416 6.658523  
3.916432 12.400406 1.600517 11.770206  
23.000809 25.236556 1.534697 15.468265  
18.524469 7.808854 15.819295 21.557626  
24.183856 1.452307 20.306580 7.417799  
3.760794 10.539702 14.425448 0.216862  
7.811980 18.106249 27.368394 3.002572  
15.383465 21.066870 2.385401 17.739672  
14.933862 7.028817 24.398195 18.850294  
19.429223 25.998712 0.620500 12.430032  
21.235268 2.155198 27.898297 9.759736  
9.964052 13.717592 1.317362 4.147908  
15.169899 21.623942 11.565706 18.930693  
2.163644 25.991154 19.147555 9.975624  
14.097403 16.515949 12.978196 29.480868  
7.582819 15.363597 17.220540 22.516681  
22.392414 11.618735 11.366974 11.821637  
7.617447 11.987475 24.251670 28.852714  
14.142672 22.149967 8.612450 24.106724  
5.867559 9.929812 28.254632 21.037459  
1.553754 9.820338 9.968152 3.717398  
5.811492 29.115707 13.693021 19.908895  
15.631656 26.671217 19.389763 23.214475  
12.034814 6.610303 15.731155 4.427229  
18.229038 27.098130 16.248866 25.846484  
9.085604 10.500536 24.699199 23.228277  
2.650503 3.311649 17.335001 8.518062  
13.241461 15.589632 29.555521 14.795215  
25.409970 9.523673 18.512613 1.221462  
8.639380 2.205634 21.130357 24.271036  
28.876851 10.520121 17.485511 10.911666  
17.130424 3.216666 15.338894 5.359462  
0.314795 1.587760 1.205946 9.400400  
12.088296 25.905144 2.628676 14.738799  
29.216793 19.963677 23.256861 12.458254  
5.553309 22.812382 27.253469 0.963279  
2.336055 15.766082 2.184741 10.975435  
17.971716 23.315098 5.246471 16.848567  
3.835219 22.731981 27.760233 20.965643  
25.948647 13.099127 26.325104 26.263442  
14.686887 27.531050 5.663842 26.775183  
23.436194 8.292518 11.513982 22.652988  
28.256195 4.770843 5.111242 3.809505  
27.583225 2.364711 4.772784 29.919280  
18.130793 6.957525 10.894715 6.102509  
0.272623 16.141185 22.951076 4.107842  
8.873166 20.711309 25.073484 4.821813  
3.810437 21.398588 1.085256 18.497324  
18.929638 6.749098 15.272508 12.365832  
15.041616 26.786490 5.018820 13.297812  
1.557333 10.130062 17.107316 29.140559  
12.494774 21.880100 29.059839 0.625567  
28.837624 9.954553 6.728076 29.110247  
26.095738 29.679153 3.218089 4.968905  
20.390462 28.291573 9.790718 24.200899  
19.690161 10.875973 12.698223 8.619799  
17.625071 27.970730 20.985632 2.666687  
24.757220 26.004452 15.964499 26.314554  
6.134514 3.071815 25.455112 18.629288  
24.951915 24.514951 19.254855 23.789539  
4.469504 25.982931 22.899786 0.565242  
25.662083 26.117875 5.534147 16.052545  
24.409448 15.324865 10.253444 14.099609  
26.200838 22.951667 22.719408 13.825909  
20.922397 13.705039 16.492597 15.679617  
9.709491 2.457096 11.994171 15.844005  
5.528911 7.449283 4.473293 0.480826  
1.964234 23.728147 24.270365 6.433738  
19.711078 17.170151 6.998980 15.373161  
13.288027 12.533127 1.425706 7.697474  
27.857992 11.679150 21.797083 24.058830  
4.630817 14.516491 7.884739 25.553214  
28.221531 24.377336 11.232832 7.931022  
26.834432 23.227003 23.775027 2.363343  
0.676286 28.248320 2.844169 2.640520  
21.976467 27.114534 9.074258 11.687545  
14.284685 16.073238 27.060707 27.572712  
28.606365 28.486413 5.270186 26.464357  
10.165563 27.067269 20.523187 14.796380  
11.583760 28.407926 10.349595 9.805291  
22.785262 21.582426 17.736313 19.619694  
14.809429 11.511340 21.983037 15.485715  
9.759660 24.827206 18.126235 1.736127  
21.941740 27.200492 13.423673 6.226425  
13.273730 10.484379 3.799136 11.880095  
8.970792 9.069322 8.344452 19.136356  
6.136592 28.867639 3.932736 17.720352  
27.275565 14.282331 27.525643 20.060827  
5.864757 15.261956 9.680522 20.674186  
26.773296 1.663559 6.159901 6.532956  
26.490765 24.286135 8.269083 18.432505  
21.486628 21.692755 24.658929 4.760358  
2.177134 28.458066 16.640453 11.147927  
7.527388 24.984905 0.284283 13.663980  
23.852544 4.217019 1.384332 21.128109  
18.499350 28.909975 11.188937 24.364107  
14.171931 20.869459 15.038293 10.945227  
22.533018 21.198194 17.478182 19.023783  
15.484329 25.747265 7.456288 6.970957  
17.440020 2.115217 11.731315 19.617155  
0.573283 28.371768 0.765081 8.100671  
23.356673 1.049364 21.764651 17.209218  
5.266383 23.148983 8.337327 23.765733  
22.058958 19.526264 18.129841 6.230889  
10.395723 3.168134 17.176115 2.928740  
24.366328 4.654298 21.952523 9.850657  
0.401563 29.408811 16.821614 17.841583  
1.524028 28.552928 7.458737 2.097311  
26.924696 8.223819 10.197982 20.281369  
9.273183 1.962633 7.490587 14.539566  
25.111616 15.827914 8.305299 17.170573  
5.354178 26.435140 23.401462 15.749901  
29.603274 10.577577 18.678641 23.969602  
15.231875 10.631164 3.820259 15.633438  
10.039975 20.641873 3.475021 11.564003  
19.194802 10.933758 13.661315 16.119498  
19.157577 23.859297 6.400867 28.430760  
25.821930 13.891454 12.970326 20.933545  
29.719368 21.275625 8.104118 5.073546  
17.710765 1.505580 20.823447 17.314039  
12.083157 9.502088 11.283642 27.315032  
20.133252 15.103901 12.948470 0.173228  
5.745774 16.423491 11.737231 24.940576  
27.357249 25.398546 11.060074 16.514826  
19.257842 17.460941 14.945586 15.079772  
1.352396 27.915911 6.013317 1.071764  
19.191536 14.117435 6.145310 6.902301  
15.623016 26.968757 24.216341 27.706173  
6.470845 5.499982 25.021206 26.604098  
20.603883 7.969676 26.777325 26.349658  
24.393167 8.514556 21.290234 21.750416  
3.913102 2.350307 8.265242 23.170944  
19.811249 23.210827 8.250716 21.163644  
21.126739 14.264033 22.235408 10.318275  
28.381468 28.380719 17.220576 14.004484  
25.349476 11.436917 11.710657 1.820322  
16.936899 6.731862 28.424420 7.540782  
14.701538 25.201745 3.890440 9.094705  
3.716301 25.180673 0.845121 7.629403  
27.530981 9.110363 0.800347 17.342229  
2.321190 9.051063 8.505874 23.447929  
23.315096 0.741282 3.766204 21.696564  
29.122001 20.986780 5.701048 24.471478  
2.423696 17.411704 26.291799 19.360595  
24.143567 24.716219 26.901377 8.845105  
19.917964 0.791817 17.939810 23.634265  
25.972490 18.784931 1.263668 23.503471  
27.895294 2.064015 10.845700 0.216485  
11.115078 19.351574 23.664414 4.430174  
20.092856 27.430617 26.126738 19.214858  
18.417397 1.827785 13.686335 20.841093  
19.239490 9.978135 10.201689 13.383056  
4.694354 7.103066 22.228161 24.612318  
7.894883 10.167971 18.246583 3.867373  
28.952903 19.510251 27.370844 26.848197  
21.574267 8.216545 27.064682 2.689345  
27.568119 20.729095 7.119519 17.660975  
18.159713 3.246256 6.875833 6.577110  
5.074041 20.562168 27.418203 24.313531  
0.540303 7.619892 7.696587 5.234657  
14.722958 29.924749 29.846975 22.617841  
10.092720 18.093558 26.485214 9.045623  
7.603809 23.856058 5.893820 29.178075  
2.072603 2.958501 1.867420 29.640722  
23.687597 8.986939 17.301697 11.847309  
12.233195 24.177530 18.424419 17.307237  
14.739698 15.842622 11.620768 15.280001  
23.462514 19.317355 20.514658 8.185472  
19.242104 20.361633 0.803313 29.334824  
8.455190 27.288527 8.380447 16.058999  
21.144586 14.274266 15.237074 23.217189  
17.232767 17.104495 22.857911 10.920364  
26.091434 10.159608 22.767673 8.324629  
4.337138 11.192092 25.631866 19.076836  
27.034714 7.252634 4.356837 20.497228  
26.569989 24.871495 28.682700 15.812093  
15.233128 29.486013 15.146916 23.688318  
26.774541 23.527363 9.747317 17.919126  
7.801629 24.984391 11.136315 25.034397  
12.088886 3.994226 5.954760 8.180320  
14.153834 28.722434 16.504949 18.490971  
9.914526 12.136815 7.567807 6.949240  
19.389448 11.924644 27.446468 15.959437  
6.796140 26.129168 1.771530 22.029268  
25.615182 16.918446 15.717586 22.389723  
10.445809 25.464902 10.308849 18.247438  
20.449294 21.445164 13.281835 2.538180  
25.439390 19.236595 10.718499 9.593224  
17.959029 27.223448 28.084195 27.873555  
9.360263 5.652002 4.822794 28.749711  
17.576646 2.269262 14.709148 24.372786  
28.398431 16.480678 16.402054 24.013613  
3.399125 2.119639 16.403335 13.844934  
27.584542 26.712184 2.092372 18.033835  
18.157349 15.374207 20.572015 13.596739  
4.610803 1.290515 23.189962 22.569832  
28.513963 21.274157 20.443386 7.874225  
26.926159 25.266180 6.623937 14.502806  
27.535443 21.333085 8.875592 25.933874  
7.813764 25.277645 19.947486 11.212888  
27.397284 6.350822 25.057822 24.981826  
3.063006 27.150195 13.015661 21.220355  
12.524402 3.587677 4.817093 17.135205  
4.878191 28.007056 9.705036 3.392154  
19.281213 0.148422 11.266379 16.207372  
25.414603 17.890316 0.710178 22.950046  
9.223401 9.585769 18.883919 17.037164  
4.863414 8.831406 28.250053 2.260699  
15.182227 23.307875 27.242525 18.245233  
20.458070 10.258186 9.465588 2.982472  
13.845863 14.282682 20.117677 18.724054  
12.289737 29.822714 22.116208 1.570950  
29.971136 3.382587 17.778322 25.385739  
21.272903 18.488500 18.335784 0.496304  
28.074269 7.219703 17.533468 2.937684  
16.051109 15.783521 5.198382 1.233336  
9.091396 2.440907 19.478570 29.549467  
12.699094 28.944158 2.531939 26.544957  
13.226839 22.649616 15.269011 25.516577  
22.472330 7.385219 27.087527 22.443465  
10.767806 14.865850 17.829204 2.040709  
3.354349 6.164989 2.537012 1.428619  
13.384692 20.070481 4.366302 29.435801  
5.854002 9.564685 0.669137 14.945398  
12.005592 20.147707 14.494865 24.704686  
19.091865 17.026803 21.249642 2.318704  
9.676419 6.518653 27.835281 2.148749  
13.903872 24.922808 24.592214 24.671677  
9.788658 12.421419 26.712386 13.143007  
18.586407 29.249398 14.571626 1.971099  
19.319879 18.937928 1.406900 25.173881  
28.502612 2.076037 10.119279 10.508204  
22.223744 24.614144 5.212890 11.315609  
11.640947 26.462532 13.634313 21.317367  
2.981185 11.469593 23.466116 16.885057  
6.392402 18.058330 11.556734 16.181059  
0.479749 8.269120 29.324066 19.066156  
7.518518 13.895692 21.037255 26.838397  
2.833620 22.444155 22.012278 1.336232  
24.520193 2.131557 11.844436 16.743937  
26.745701 17.057326 28.059545 8.386649  
13.519859 11.693858 29.704016 16.501044  
23.163451 23.170131 3.386100 29.555853  
11.228462 14.942834 15.736912 11.708211  
23.211954 15.060978 0.774367 0.730472  
28.956670 21.811622 27.568870 1.790290  
14.255778 19.581148 3.126522 8.775970  
21.712706 14.970958 25.519907 18.458407  
2.028285 23.579452 26.845056 15.548143  
5.273309 26.549071 2.049187 28.436761  
19.719203 5.435287 27.992613 0.947664  
20.378122 13.729525 12.655875 13.590076  
28.790503 13.430241 14.320548 27.747172  
5.241864 11.889418 29.537462 19.497641  
1.470566 2.663984 28.273611 23.183272  
17.634942 23.793518 11.641679 19.663227  
17.372970 8.486735 5.211370 22.646279  
5.035806 7.260557 21.083040 24.755009  
12.695844 19.075653 25.702673 3.073966  
2.805177 8.358547 16.664042 1.595680  
21.788789 0.984590 29.342853 27.030652  
12.874009 28.880315 16.528294 14.344575  
1.544298 14.801905 7.527847 19.179240  
8.595423 19.169526 8.842467 25.968393  
27.656261 14.053837 18.614672 2.692067  
21.314393 9.697711 27.447076 4.010238  
28.773364 23.149749 7.084203 1.578542  
1.508296 23.748245 3.174222 23.297085  
24.732836 2.517074 20.327738 7.606844  
1.397389 6.856031 21.951419 2.941688  
21.657936 29.479267 22.120928 0.253359  
18.648793 0.963395 26.221751 16.305054  
15.017231 14.836423 18.997122 6.331625  
24.534134 16.444198 10.341862 23.307499  
9.593947 17.426066 24.886040 11.102243  
11.174311 28.060262 4.399328 5.907147  
0.577337 24.727066 13.513991 1.974726  
1.583097 5.465411 4.916413 23.241033  
4.944677 27.037341 23.494391 23.593470  
28.000736 19.716143 9.898524 13.017967  
4.552566 28.895646 19.349592 29.086700  
15.339844 29.691455 22.394199 24.933790  
17.117520 17.280239 6.036033 28.291832  
15.340501 10.435361 4.198979 15.917838  
5.162427 17.712970 17.892563 6.745524  
23.178381 22.808977 29.986556 28.123058  
19.846318 23.480948 21.716528 17.847054  
13.197091 1.615052 0.865021 17.749656  
0.510698 20.214613 16.836356 15.850542  
19.906068 9.230555 10.784333 7.023588  
26.510794 16.820366 5.315420 11.851295  
27.255727 9.514398 27.769132 2.418154  
27.227368 15.661696 9.163678 20.405749  
8.470673 9.150234 18.528807 28.316990  
2.631182 10.245335 16.164044 15.828272  
11.860387 17.029065 3.577929 12.371086  
7.243677 20.414285 28.221628 27.149745  
29.644839 9.005960 4.173333 26.155633  
25.826326 9.488753 8.006928 23.082053  
19.003151 5.776060 25.500207 16.230520  
21.437756 4.663885 6.636268 29.908429  
13.814119 25.165075 28.225419 16.445301  
5.410410 14.389463 2.273573 17.270797  
1.418527 5.851502 29.641882 8.662205  
26.265786 27.863510 5.811950 25.910626  
6.869470 9.985283 22.066259 2.695797  
19.474035 0.073187 25.777850 8.477186  
5.849247 21.278057 24.707706 27.287003  
25.941942 1.343974 27.195432 9.756060  
26.509049 25.420851 26.201361 1.919459  
9.810313 28.474934 19.190256 11.228841  
4.326436 18.832138 19.891045 0.592222  
16.695648 25.702995 26.502848 23.565118  
5.688277 18.569107 26.260915 25.162313  
18.642294 22.038764 3.639499 24.491540  
13.316821 28.347205 21.778543 9.258763  
29.691179 18.973975 19.014823 26.200229  
14.394826 15.216184 28.119688 24.205139  
13.691118 17.309943 5.433980 18.017554  
6.142081 25.325025 18.609777 22.837729  
21.028020 15.112625 16.402847 26.716297  
3.681732 12.663761 21.878610 22.324025  
4.702525 25.518109 16.815566 18.019347  
23.865314 8.594109 27.278109 23.556493  
27.568084 16.292933 19.756721 11.962910  
1.509117 17.876409 6.168050 15.200235  
5.186352 11.602029 3.217790 11.328433  
6.927054 21.827566 4.166162 27.955074  
6.940191 20.569009 24.671371 10.621923  
3.232770 16.549981 2.945948 7.935295  
12.068090 19.761514 25.954642 5.933403  
28.355623 23.232751 29.489896 25.923708  
9.525684 19.246617 7.886618 11.034801  
7.123026 14.054668 26.235036 12.309379  
25.656697 29.452826 23.637812 2.583752  
21.280392 27.803974 0.538826 28.220583  
18.372982 25.210197 8.842507 21.605752  
11.760178 11.788455 29.541047 23.828268  
1.549969 25.495689 29.761671 29.905592  
18.728440 29.251567 25.829300 28.254124  
18.498184 3.715918 9.288925 25.621210  
17.770586 5.523960 7.930589 13.427283  
4.976786 1.568401 16.011035 26.257178  
29.372374 16.549860 24.477761 17.745356  
11.760058 3.320268 9.351108 23.520236  
15.108723 8.892155 17.348503 16.658692  
4.387844 17.110174 16.564284 23.116284  
16.361740 12.393584 21.370408 4.859924  
16.109502 0.659333 0.481134 3.880088  
6.183293 8.411723 17.307371 11.160079  
9.980123 3.318406 7.417257 9.352497  
19.868266 1.895018 27.097854 1.628324  
5.215286 6.448962 25.148559 20.324009  
15.341117 12.497062 6.982701 19.728961  
29.607236 23.546985 12.845246 15.968976  
5.940569 4.215654 20.828900 22.050071  
4.874987 21.310034 25.930159 11.058280  
29.721757 13.237530 22.218359 9.701880  
16.555936 29.635616 19.054378 6.424203  
1.530635 16.152231 8.052526 6.745921  
22.601193 3.201086 27.069929 7.942311  
15.698148 4.052630 27.671272 15.305384  
27.599615 10.516518 1.274360 3.540184  
14.732172 22.103259 25.590255 19.607159  
13.413293 21.520414 0.665439 13.135050  
4.757945 22.883798 22.836930 21.313881  
22.519414 11.891308 27.738084 24.050049  
28.043539 5.790610 0.795969 20.644733  
8.991695 27.865899 28.587043 24.689843  
1.918529 26.258315 9.995227 29.518144  
6.774833 11.269586 3.058327 21.507005  
3.372846 28.648582 11.114164 16.786139  
20.168997 11.779603 29.921189 24.926941  
4.663400 22.758120 16.240823 27.182815  
4.649427 13.978906 21.232863 2.692967  
19.769516 22.028833 23.337699 28.761211  
19.894732 21.924742 23.451055 21.813260  
18.183058 3.446281 21.331404 24.957891  
14.715868 24.389732 16.464896 18.088714  
23.038314 27.579060 4.874853 13.207311  
9.358662 4.796043 8.134252 14.022062  
27.554162 24.375075 11.204877 2.203590  
8.353981 2.437741 4.896556 28.123497  
24.466573 28.234255 26.884708 14.361305  
20.158998 20.335763 6.174565 8.342055  
23.782044 27.505969 3.299946 8.497912  
21.895701 19.764842 26.586626 14.934015  
17.343902 1.461479 28.141326 26.702564  
6.257522 6.275578 10.724626 3.811684  
0.650653 21.929503 6.015273 9.004634  
24.367244 10.911830 7.128130 18.833817  
9.146085 4.012838 3.195122 29.305083  
24.348601 9.369687 7.647138 18.130645  
6.875656 10.947085 26.628557 28.771357  
0.711927 23.215183 13.705372 18.055828  
24.676662 11.846698 14.758392 0.934184  
18.122276 25.483018 4.745867 18.772929  
17.412521 10.761141 27.777562 11.779765  
21.672970 4.905693 0.613581 0.819055  
8.918531 3.808703 0.124138 3.267132  
13.178390 7.771277 21.397778 20.054046  
18.718361 18.026335 18.825403 19.430288  
11.241518 2.530775 7.486116 5.918180  
14.377473 22.244508 6.852364 2.499749  
17.727525 11.598231 21.272678 5.140046  
22.359372 19.050240 16.919811 14.032343  
23.955933 17.533392 14.851398 2.874464  
21.342095 14.975536 6.141597 4.520485  
22.746813 27.539375 24.574531 11.465174  
15.565710 13.399934 0.895462 26.807228  
15.930709 8.381578 2.725408 0.308182  
0.626086 9.577772 2.807931 18.353611  
21.176004 24.080609 23.493657 13.535376  
13.130849 10.413468 27.567719 7.086782  
27.946861 12.419117 9.961246 19.288956  
27.394653 16.102843 23.809441 20.141466  
13.642218 18.383972 1.606640 29.207928  
1.783907 2.502102 26.015156 17.714616  
10.883680 28.740564 18.022798 11.509766  
8.318336 20.830729 29.863377 29.494340  
14.911337 23.357034 13.029716 28.042186  
3.770503 10.597434 5.128968 1.717363  
23.016551 15.090215 21.006319 20.411204  
1.193058 14.815760 10.552670 14.835276  
3.199733 12.159310 14.043204 4.983639  
14.661412 10.058359 22.698255 25.545092  
8.798923 10.721053 7.054857 17.117259  
1.551781 6.918234 16.611599 16.463119  
0.275268 29.641315 14.505305 4.045771  
10.238749 19.634274 5.763134 3.255300  
4.724488 26.769454 23.666503 5.917546  
11.585214 4.219173 20.752822 14.784947  
16.378482 4.796026 19.768586 1.039894  
14.854385 12.466841 26.584985 23.653308  
23.187894 3.639843 10.770567 24.739676  
10.558077 27.382166 11.202795 10.833345  
27.023481 25.708100 14.879117 7.262229  
15.342373 20.642251 10.517529 20.066862  
17.411704 4.184032 25.984408 28.996918  
8.403205 16.737231 13.781865 24.781687  
21.533257 3.550452 25.821581 6.387642  
16.017293 22.406567 0.040950 9.205187  
26.046409 10.811517 3.944863 6.604486  
8.193683 15.147657 17.437832 5.217164  
10.855757 2.316948 12.479393 26.198131  
22.959199 22.996922 16.264993 10.370903  
27.180955 12.249401 9.367822 5.584159  
28.986631 23.149687 0.365847 20.519888  
26.700138 26.187428 26.907530 12.717431  
18.593994 26.948480 21.922619 14.640404  
7.759997 25.867481 21.244890 15.953680  
11.015139 8.682721 21.170844 21.870896  
10.999670 3.650237 18.069027 3.958869  
26.647159 4.334020 14.329772 23.828114  
16.583420 23.697594 29.412273 15.570052  
16.847281 29.778120 6.089939 13.547419  
25.965548 2.997469 26.264850 14.559542  
29.945949 18.187469 29.199945 7.705945  
14.054950 20.444835 23.659625 25.070089  
29.127557 14.830469 16.940985 10.127226  
18.480706 5.010012 14.086095 15.127865  
9.344032 28.415867 8.955979 25.927452  
22.113460 8.368252 11.497504 8.960741  
8.146372 17.587443 22.508160 4.111919  
20.584912 18.773010 18.671461 20.530861  
6.960479 17.871407 28.236806 21.015429  
8.316242 21.896431 16.085518 7.443798  
6.726900 3.026504 17.571025 25.207606  
8.036516 1.657119 10.335471 17.380549  
0.072986 19.291449 13.308001 22.186446  
27.659701 24.805505 1.147187 5.806073  
12.392948 23.655347 9.917992 2.977860  
12.428357 28.589453 23.508722 19.388835  
16.460859 21.745528 10.404265 24.777101  
13.641959 26.489783 2.220900 20.368860  
29.516287 19.791924 15.576465 7.552804  
21.449044 25.911936 24.933352 21.522030  
15.203386 8.241353 13.708476 12.863087  
3.046858 14.855663 18.669159 15.439806  
8.511009 28.587151 18.417666 20.939366  
27.176604 11.926388 10.328201 13.637463  
3.671916 20.732466 8.414564 17.313875  
17.222249 10.635464 7.682734 16.738536  
0.427388 23.259200 24.291340 21.876432  
19.171136 19.224692 13.398462 4.374522  
27.466045 27.106938 17.237608 0.512903  
11.962601 5.906768 15.952708 20.473610  
4.493919 4.370375 11.412976 1.670522  
16.296762 21.741177 15.307986 19.968678  
12.473643 23.722550 7.282553 29.695892  
4.358014 14.965287 16.434428 4.785403  
8.224487 10.725768 26.661835 27.395623  
29.950460 10.060297 1.770144 27.416505  
7.167234 19.007753 27.929408 19.129835  
24.914520 13.882116 9.603445 29.408439  
18.252491 21.016420 1.078961 4.549253  
12.757597 16.386947 24.517931 25.231240  
10.109497 1.800483 24.927132 14.467511  
16.765771 11.361561 19.252914 24.990257  
22.087329 15.914749 22.385880 22.037790  
25.975045 24.156025 19.454295 3.142280  
13.163778 17.383703 22.272114 8.078298  
1.265819 1.875559 7.486737 19.518310  
22.891979 8.565698 24.067563 5.649577  
24.952645 18.585493 0.880817 5.062142  
20.385977 25.807949 19.529653 7.151747  
7.169510 8.782567 2.142005 29.256840  
24.697316 24.527885 21.294629 20.672361  
18.683910 10.748924 23.814641 1.847687  
28.132627 16.086755 9.925985 29.398446  
17.962314 17.412722 18.916756 10.854293  
25.978420 12.984318 16.503870 20.931065  
1.569812 17.384687 25.993207 21.955789  
13.192636 15.522861 29.107536 20.362147  
24.305428 1.249541 19.618986 19.002744  
25.777426 10.913616 9.675105 14.461336  
21.662540 3.489746 16.309023 19.795167  
19.576501 26.235009 19.193613 7.538815  
13.647730 8.110369 18.393109 9.626150  
21.094688 4.896979 0.557215 22.664500  
22.281666 26.550422 14.620288 5.474303  
12.073283 13.727824 25.836449 6.378711  
14.977365 15.455436 25.381455 10.754791  
26.369051 5.056560 25.216127 18.031591  
8.546306 11.525150 7.826759 28.122807  
7.760159 27.020372 5.661623 21.407889  
5.130741 24.054732 1.034039 26.225429  
28.951711 1.591255 18.889928 21.233377  
28.141677 3.510217 26.707679 10.214960  
17.238041 22.544128 16.593671 2.215406  
7.999564 11.975126 12.970197 4.368615  
17.031686 8.186324 22.400207 25.577992  
19.711474 0.226965 23.700800 27.471633  
27.247337 29.362422 18.879522 2.378078  
23.417154 19.913561 28.603507 22.368864  
21.504816 17.493436 13.602241 19.646493  
21.003652 10.309920 29.861454 8.241693  
2.854048 16.455125 10.457099 10.853612  
28.430251 23.427296 15.222228 15.461937  
1.613619 7.622435 11.039930 21.325093  
7.849400 4.740729 18.796726 5.096737  
4.103151 7.676247 7.474816 27.520305  
27.589808 6.078323 19.889170 19.094624  
23.571759 3.491411 8.741118 14.575411  
13.801331 8.602571 22.817104 16.655379  
25.057696 3.274202 27.508992 23.487947  
26.701498 12.731219 8.949884 28.315117  
20.353654 19.989814 19.640210 28.203054  
24.730543 8.436936 3.299792 28.833695  
16.113184 10.774608 26.354000 13.702992  
16.852931 16.243170 2.797616 10.424690  
19.734580 11.538734 25.000100 3.535911  
20.141306 17.817204 20.191290 15.199002  
21.091406 17.700282 8.686949 17.792904  
0.431501 17.636834 16.108021 20.785156  
7.626648 5.748231 18.988210 2.357191  
14.185168 22.288002 1.190886 0.298351  
3.062610 27.544886 14.001343 19.915541  
13.788055 16.798960 0.340230 3.522636  
28.337694 25.340330 7.058547 18.479000  
13.157534 27.249837 3.678002 4.248940  
14.950119 12.364951 22.041844 15.381620  
0.001785 8.149865 6.166776 7.628432  
13.898096 25.154986 9.985623 28.083264  
17.442987 11.176509 28.381615 20.505597  
8.721394 12.382958 10.421138 22.509450  
29.181917 10.761368 26.032086 27.519611  
6.101698 3.090632 15.998611 19.259232  
0.340470 19.676612 23.508173 15.290589  
2.041563 15.550017 0.672209 2.043348  
23.699881 6.838985 9.671780 7.597978  
1.993970 19.657403 5.681241 19.436958  
0.833912 4.062856 9.942555 9.555307  
16.445814 20.363693 2.064756 15.627731  
1.125060 28.096842 13.147342 7.226759  
1.187474 29.145953 26.485991 1.527944  
18.822565 19.994164 16.818532 20.864128  
5.544180 17.490741 22.907476 29.244062  
24.329726 2.579256 6.842039 26.323696  
22.236659 12.523280 15.760654 23.070572  
16.586136 25.703209 2.625878 3.031950  
16.066901 4.690635 18.659681 17.191961  
2.787476 1.807024 24.418720 3.974951  
0.952977 20.904711 5.502895 19.775542  
10.898875 22.321427 10.639670 16.443055  
9.812169 3.547147 15.687116 4.141894  
6.126403 22.529156 0.465590 28.363062  
5.052436 16.226244 21.433633 21.638572  
11.929453 24.059512 24.670522 27.996354  
28.750146 13.330203 15.188315 1.537623  
15.137227 9.607035 5.512573 16.090204  
0.511746 11.015468 5.865746 11.410621  
3.336896 16.505416 27.853675 13.149064  
20.052563 13.540792 17.290959 26.178965  
6.069947 17.756549 24.542027 11.122383  
3.982793 15.975661 2.760955 15.912246  
10.035172 27.431478 13.908599 8.785318  
10.761681 29.096914 10.322941 25.898908  
8.703949 15.835514 11.989111 9.215695  
26.850983 17.854857 20.626315 0.187878  
4.360273 18.479991 13.336943 24.412835  
2.020783 0.627901 20.591801 8.090730  
18.384450 15.133828 19.213113 22.367243  
1.109488 21.974069 8.279489 11.144661  
19.405546 22.188088 19.929979 0.167227  
21.285002 0.252920 26.066135 29.988951  
16.088435 8.055246 9.204646 12.939417  
25.910103 29.830961 13.127296 0.270376  
18.310952 26.464238 24.683212 20.331735  
27.092140 15.275012 28.422465 15.476590  
0.408840 17.635578 7.843833 1.518329  
9.609646 16.123322 12.662989 29.015193  
8.311411 2.592968 29.182420 29.596413  
2.845888 25.248555 29.585364 18.934323  
3.303801 8.790010 1.873740 29.213904  
8.620972 15.001036 29.484281 26.931924  
11.465274 24.167492 17.263658 8.557414  
9.442504 15.686123 24.034004 9.851344  
3.321701 1.877837 11.369673 12.931347  
18.001160 24.032662 11.946540 26.312570  
26.625631 11.128960 25.908983 29.471519  
6.377515 25.494348 18.405842 9.681316  
4.284358 20.279582 8.895220 12.905330  
5.280618 8.379501 9.837254 16.745892  
2.546993 27.100912 25.303306 11.989497  
12.787035 19.337310 21.840842 16.108736  
21.215147 3.210515 29.040083 9.216306  
27.243177 10.986623 5.528876 23.868808  
22.115583 1.437860 23.340326 28.493098  
26.932207 11.746168 8.174414 1.216565  
2.025750 17.069634 14.121895 7.306368  
25.449135 23.959149 24.052260 27.996128  
21.060061 19.355566 9.985625 3.847096  
8.692875 1.826467 19.955832 29.908022  
5.036982 18.995915 9.124328 2.280159  
29.982538 14.653205 26.148966 22.098122  
16.091064 19.489293 20.591220 13.023272  
1.235461 28.765634 14.239837 3.261211  
15.835268 28.361732 10.567579 11.284403  
22.320881 4.619839 9.280531 13.380942  
23.975404 19.266157 17.228038 2.668279  
21.092624 7.183870 2.576301 26.129606  
26.179785 11.700629 28.409765 26.162323  
26.353834 24.558731 18.260445 12.444898  
14.048024 8.851664 25.468170 15.283485  
7.617298 9.708007 18.544697 23.452566  
8.069740 29.112276 4.736970 0.390621  
3.732114 14.017501 13.771563 27.707519  
3.283658 0.999601 0.375798 24.376282  
8.183470 2.952099 20.505888 4.363255  
14.652729 18.915653 0.525578 11.006563  
13.474384 18.786022 23.451461 27.522408  
27.637687 18.919631 12.805893 5.254985  
28.627638 1.350590 28.707552 6.697378  
0.462866 3.444521 7.087999 4.194980  
17.462023 20.859561 1.902499 20.745681  
21.859162 2.278297 15.121962 0.042632  
5.230396 5.627850 4.405887 19.883125  
24.543503 4.931464 0.889687 8.017886  
23.717487 24.341148 5.540295 21.355174  
13.260780 18.346188 26.610159 11.888418  
19.696778 25.317711 18.585796 20.159644  
28.762232 25.673794 24.354624 16.224255  
16.533355 26.257122 6.969935 8.392517  
28.535419 22.091898 8.435149 3.765814  
27.719748 12.841035 23.648939 22.263250  
17.772500 24.538626 0.281137 11.489987  
18.879775 5.821431 2.845160 2.140554  
24.167619 29.455319 14.028972 13.864397  
24.773030 2.614768 4.024041 23.535262  
28.288562 28.378664 9.759517 14.821917  
24.635786 16.729452 23.214434 23.171205  
8.821349 1.649583 26.937019 6.541097  
14.490619 20.585959 28.804347 2.263119  
15.124585 29.085484 13.753105 4.004360  
4.906915 16.598265 6.144914 29.074534  
16.053584 20.173887 12.938931 10.826614  
22.788654 16.962972 4.361876 21.077216  
15.341637 14.121393 5.899134 9.977423  
0.850845 29.113568 3.148628 9.672194  
0.763151 0.085647 16.213292 15.253770  
20.671606 15.017639 17.516889 5.796191  
14.103123 1.269994 9.800551 19.010038  
17.868259 15.945465 18.084572 3.921844  
6.119352 1.023503 14.748458 28.908006  
17.986476 19.110334 19.985222 3.328112  
3.231727 25.884356 13.305535 4.082572  
24.997924 16.454163 13.754766 25.761075  
16.539810 29.968058 11.014845 7.211416  
14.985697 28.531734 13.007607 29.088819  
29.801727 22.808158 18.098857 17.669986  
8.753623 6.183429 21.591830 14.872975  
7.206932 6.340288 13.780981 25.193408  
25.450622 3.766204 28.521520 28.682349  
29.650560 11.827055 2.764921 24.648483  
28.281218 16.519688 20.409558 14.821028  
16.487746 1.424404 22.032444 1.473442  
29.956137 5.040051 0.562262 29.757865  
27.848210 18.661119 17.427851 6.601833  
24.844548 9.019681 21.474808 2.051480  
15.359969 5.255790 27.244888 10.810591  
9.021993 25.766408 9.492940 8.672553  
7.593463 12.257861 3.321036 5.874681  
28.777548 23.730594 20.695709 15.265294  
25.154998 12.728153 16.738736 25.111135  
17.768205 17.300998 24.869000 15.616415  
5.962117 12.296851 22.218248 0.806665  
21.316532 13.693056 2.858146 6.676501  
18.948845 0.103034 17.487091 27.970839  
25.869442 26.980031 6.643391 3.462905  
9.237892 9.964427 9.337586 8.015440  
3.695021 0.033296 23.280734 28.850019  
12.761449 10.019470 23.961154 0.529654  
27.320468 18.830154 16.146069 3.282585  
1.127005 8.364316 4.089250 22.443537  
22.057372 6.947395 29.120037 11.006218  
7.050429 16.607129 8.977056 2.919871  
13.587160 15.620447 6.382777 22.825051  
25.584874 15.720363 0.840491 29.279896  
15.753659 24.121225 28.129915 28.515108  
4.140694 22.091070 29.044762 1.461162  
10.921224 15.190830 4.743747 12.048229  
23.555147 8.832996 4.491766 15.612519  
15.780392 3.611803 26.618736 22.830821  
20.218932 5.595793 25.750692 3.806091  
21.216240 2.133468 26.631143 16.801114  
17.853831 27.471634 16.081010 3.607490  
21.592859 14.210925 2.122598 25.733553  
6.301995 1.167359 27.194715 17.223218  
16.358190 1.938462 29.271447 9.913336  
10.771458 3.763213 25.525855 26.551850  
7.375016 22.144592 19.382671 27.593947  
27.740384 15.133363 1.400039 18.956624  
17.266831 28.031182 5.757738 5.120663  
25.502816 21.838748 8.728153 17.095674  
6.049673 10.850750 12.829227 12.351667  
12.018109 10.023943 29.574886 28.376299  
11.962405 28.846333 8.289635 22.733863  
2.609545 3.815491 19.285713 9.984561  
25.960082 8.668384 7.578508 23.700466  
23.801746 8.978547 12.657090 11.068577  
7.009728 18.414828 16.189240 2.512544  
10.253576 24.917393 19.608218 16.303249  
5.768143 2.437446 28.654916 17.786252  
12.461388 28.229802 16.162551 24.423793  
27.076135 24.452187 17.157656 29.685680  
28.267678 6.443368 9.670240 24.227760  
15.111752 17.248748 17.928226 8.913498  
26.227295 0.585317 19.982076 3.237024  
19.000145 6.171316 5.749568 29.253721  
1.088708 25.357786 15.556970 6.856851  
27.795232 14.211887 24.643103 10.256620  
12.441688 10.805655 4.680413 9.517823  
5.257842 21.838068 9.203503 3.525519  
28.281437 18.873743 27.753279 13.393189  
6.122492 15.681505 22.306687 2.349787  
16.266822 12.288763 5.586810 5.266967  
18.460078 11.336378 4.520688 19.548787  
6.694164 20.077658 26.405638 4.489395  
4.289545 21.048741 14.746015 16.731233  
1.854396 19.426428 26.249056 7.112237  
11.264496 5.452559 10.637756 9.545933  
24.326302 8.391035 22.939122 0.448793  
24.072540 15.245809 2.798580 10.339362  
27.534572 8.385390 15.606329 15.994650  
19.721768 20.127016 5.543437 26.415932  
10.204674 1.949075 0.905328 14.494219  
22.997816 15.651343 1.225452 24.852211  
5.077771 27.474508 1.964449 16.342268  
2.927067 12.602205 25.888201 27.253369  
20.993240 18.827323 27.702162 15.065780  
4.073132 0.500742 25.405142 1.607704  
8.886133 11.011471 17.602354 28.607901  
1.138487 23.145791 25.023834 11.343162  
25.094866 25.929161 25.837381 18.092682  
11.580505 27.062833 12.944893 16.658276  
24.537341 14.909342 3.000543 27.464407  
27.511547 28.888744 24.717776 18.504787  
17.716067 22.419938 3.570568 21.789199  
22.920681 28.975710 23.396903 1.806813  
9.987181 10.999257 0.414715 11.125668  
4.145049 25.438548 22.468829 29.239915  
21.367710 18.306210 17.332596 2.948214  
15.369042 0.277490 19.606490 9.906383  
15.186832 22.607033 7.370790 12.698379  
21.495778 2.088567 1.203166 9.211845  
24.508505 4.773733 1.001044 17.429186  
3.749443 24.397947 19.235999 13.736624  
5.397204 19.650714 24.862291 9.542253  
15.089262 17.331121 8.782168 6.456971  
5.637330 26.114764 9.405186 21.006373  
26.392254 29.011675 0.912755 11.579085  
21.618709 8.283546 24.277464 13.114486  
10.372112 25.480630 22.326331 4.880617  
0.254363 23.327375 22.309803 4.003806  
17.725322 11.545802 17.740429 23.122526  
1.196515 12.602721 2.664779 16.285777  
29.933841 11.446947 22.742749 5.571172  
7.561711 2.147934 26.577544 3.953965  
1.159610 27.490300 15.533050 22.778318  
5.773845 9.810514 5.892805 16.145957  
5.291144 28.219136 21.026575 5.545507  
21.546510 13.336377 9.549312 9.271832  
24.882179 27.289742 2.394358 26.078694  
9.892462 5.059138 12.364471 9.826303  
16.506085 5.107220 15.397475 24.067796  
7.255154 11.975019 28.021761 8.414764  
9.465319 13.554811 1.193082 15.239164  
23.365325 7.085887 1.385121 28.656469  
5.305022 22.411696 4.201976 26.851533  
5.748073 13.751288 6.123365 0.630252  
11.041029 8.517723 26.708946 20.933492  
13.576861 9.073418 0.759795 0.082945  
14.180638 16.157270 24.150741 21.435792  
28.132289 22.172502 29.850556 7.597607  
5.727313 1.043638 22.836771 29.092638  
8.129524 24.221892 27.749107 13.434546  
16.633588 1.951082 10.286079 22.381661  
15.702370 16.409444 23.011913 26.743400  
24.927167 19.720859 17.676891 8.504028  
28.794277 18.436686 8.586974 12.974915  
4.593956 2.737715 4.410707 2.726245  
24.910217 4.261262 10.323853 0.637530  
5.304900 3.160624 29.730168 13.434424  
27.382516 27.479274 26.868971 14.016104  
29.430357 7.155050 6.397765 15.132727  
23.564494 29.409678 11.876127 18.491661  
19.130538 29.553018 26.995690 17.924815  
17.989704 5.582664 0.899730 22.583660  
8.320379 5.310436 25.309906 3.230596  
9.571699 5.633758 3.868125 14.876599  
8.794382 3.598293 28.311023 6.176898  
1.077567 25.179994 20.193003 0.507924  
2.335044 26.590768 15.640651 25.899537  
26.000446 27.516777 14.391199 15.130984  
27.069795 11.386889 3.055799 15.059499  
16.969552 3.955529 7.643159 25.289931  
9.265965 2.953065 28.520526 18.837664  
8.586823 2.388652 3.714263 17.381205  
5.986944 2.025286 23.558104 7.064511  
27.205280 13.751106 7.572435 29.540323  
10.341874 23.213086 25.439861 6.342321  
20.729863 9.831059 21.473305 17.799658  
21.217948 24.529104 2.859158 8.187500  
28.484632 10.502317 3.477431 7.750597  
13.455382 1.997957 26.588261 22.042205  
4.386609 0.302524 9.423410 10.373553  
2.327810 2.981514 17.438065 29.533089  
16.732620 25.010500 29.073412 27.074494  
18.223586 24.513273 3.416815 8.953449  
4.344332 24.890120 26.753108 25.562280  
19.419223 29.612265 3.749780 17.903855  
10.114582 7.227211 25.654453 23.569964  
9.225169 22.242714 15.612169 13.611778  
22.545238 25.035580 23.985331 24.873048  
28.017094 11.423396 24.406137 14.749714  
6.433896 23.479550 11.824208 24.657481  
17.992823 15.241023 3.610931 22.337155  
10.131143 0.364038 17.899435 29.550366  
29.976303 21.649216 17.454221 10.090885  
28.876427 13.108673 3.660850 8.101596  
5.351387 19.273019 21.713373 27.896625  
14.308599 15.698705 22.769673 12.325692  
27.122100 17.175810 27.075406 3.555996  
10.655359 8.899615 28.213478 28.648182  
24.140638 1.824408 20.985337 4.271780  
2.188446 8.884772 3.822146 2.164750  
0.533987 21.276367 12.255635 29.410414  
4.385040 15.916485 7.512010 9.736428  
5.189503 29.225383 7.633053 19.498102  
14.924088 0.402725 1.823795 12.046188  
17.578535 28.899201 15.602185 28.233894  
7.798816 13.815662 26.882076 1.939453  
15.640070 17.867412 6.211234 17.828517  
26.752184 10.033380 19.993266 27.286171  
1.309747 2.248901 26.696586 5.694787  
18.165386 4.208595 15.431215 23.354889  
3.433979 23.064267 12.852991 18.358067  
23.466993 14.676786 0.404255 11.045527  
13.575987 16.006440 9.279421 21.374802  
29.822102 6.161497 23.314255 15.462172  
24.028909 29.525489 3.290689 20.781093  
9.558869 23.283955 18.067265 10.868616  
25.532856 14.763851 16.563403 13.698241  
18.972446 1.994618 7.053130 22.406425  
25.058886 19.906121 10.764492 18.525878  
4.582907 11.168747 29.571406 18.158894  
27.175186 8.850827 9.533696 26.997288  
15.012324 2.847951 12.459460 9.041233  
2.373440 15.750149 29.822327 11.932309  
9.034103 17.889592 22.800925 4.566959  
2.653442 9.364328 18.265200 21.625888  
11.358946 25.318330 14.032313 6.417832  
15.224451 24.796805 24.943710 19.807358  
5.965552 24.515116 7.966252 3.140738  
3.365943 17.499947 0.138026 18.378267  
20.347899 12.597486 27.419500 22.721339  
28.347635 27.241827 4.653648 7.381738  
15.131419 27.454573 11.948697 17.784861  
6.818902 0.213897 9.410750 18.177848  
25.532227 23.443063 24.595680 10.756678  
18.239868 19.539390 0.564037 24.205419  
14.054506 8.530289 27.346157 17.420448  
26.030236 27.484184 5.798715 16.378135  
10.081670 3.218215 9.099473 8.429305  
0.460042 13.753122 15.811043 15.591461  
11.207695 27.759740 3.376322 18.026596  
27.973637 12.787072 6.204444 23.505864  
6.230135 0.800124 4.262542 24.470002  
20.339514 4.826579 18.675422 4.394020  
13.356868 16.021579 21.814468 9.387104  
13.505763 27.613183 25.765238 23.587432  
0.831398 4.864711 2.016737 1.291440  
18.617833 17.827780 16.882901 29.825528  
15.587520 20.259222 17.852124 13.561156  
3.046294 24.056569 7.067020 9.276429  
24.856693 11.329562 3.746431 15.196207  
16.156141 22.421853 19.590227 29.513009  
8.443432 11.404694 8.900112 21.949195  
9.017877 4.665351 15.536627 9.849275  
9.530062 17.553364 11.140715 28.147895  
5.381144 28.023615 27.973423 20.968664  
18.282838 15.825547 4.529820 21.329132  
9.882116 11.596840 0.605561 4.738809  
22.926403 4.351992 19.935016 9.082544  
26.773844 9.525242 8.595553 5.217276  
20.929937 17.495666 27.166471 29.947814  
22.161016 12.703098 9.797089 1.691078  
0.256463 20.937804 29.838973 5.637607  
18.961419 27.812396 26.606271 7.244257  
13.637943 1.136091 28.573389 23.520059  
12.732932 29.178950 28.258868 5.659335  
3.530941 18.193884 14.741879 0.304786  
27.719126 23.337432 5.522062 18.649063  
10.833098 2.688533 18.596877 2.994114  
15.391632 28.393967 4.685192 15.648095  
19.331771 4.524165 21.285702 8.293190  
2.336561 17.891973 15.537447 15.974505  
19.028064 14.110836 9.494564 1.760996  
13.289786 7.753432 7.420331 16.820727  
25.947316 22.162209 17.125513 23.666442  
15.499642 22.647575 12.315505 26.332739  
25.336108 0.912382 29.326853 10.727740  
29.306349 4.012045 26.375834 18.638120  
8.536210 17.661536 26.931310 10.872772  
5.553509 12.468757 26.847276 24.581573  
26.579593 6.341840 26.342569 9.869379  
14.095272 3.762899 26.690106 10.042588  
25.925109 13.815619 3.709030 11.424750  
6.463194 16.024535 7.757489 1.799302  
16.936917 7.084343 12.527042 16.243266  
11.096388 8.902876 4.881386 19.632598  
26.564412 1.812696 0.505370 2.117920  
14.281452 27.352646 26.699493 10.861045  
3.694487 23.042061 20.730424 17.789759  
26.804960 17.420531 27.832346 22.730069  
1.236150 1.541376 4.154819 7.699343  
17.565911 11.912308 9.498645 4.502829  
18.996651 22.025687 20.746095 0.093039  
0.928563 25.627481 19.725637 27.492974  
27.440177 20.231007 29.610894 11.721629  
17.583654 26.310387 22.582674 21.278140  
19.352448 13.313099 9.067899 16.157408  
0.733629 6.900245 8.887477 1.969779  
8.441622 13.042296 9.669123 26.007533  
24.954605 19.167768 0.510362 13.951256  
11.193455 21.256457 14.044295 12.122017  
16.883938 3.769932 9.614991 14.324115  
24.000939 9.225885 26.045744 11.584592  
5.536272 18.628418 2.862732 24.888720  
1.941517 11.930631 11.046128 2.675146  
18.830876 19.933606 4.644925 27.272498  
2.975902 14.314048 23.280031 27.930507  
3.481815 23.790392 11.881762 14.675270  
15.046849 25.926057 26.797287 1.930787  
29.695989 6.412278 16.254901 23.696927  
15.638164 12.300645 5.281520 21.174436  
0.929063 8.144252 16.063156 2.870579  
20.074883 27.109284 5.545725 8.905760  
17.042890 10.190650 6.178257 20.018792  
24.504698 29.458288 17.949299 27.986513  
23.248680 29.831061 12.661783 8.295529  
25.757118 9.459071 10.226316 25.453107  
15.871349 26.481218 19.150034 1.509513  
8.781863 24.431553 22.683948 9.710926  
2.575805 8.747104 12.581505 22.650689  
5.856388 18.127230 1.556448 22.899278  
28.317881 7.734705 12.918070 22.822579  
7.192994 0.867369 20.809092 0.441674  
0.698430 3.470875 8.737204 26.455548  
12.929946 18.963520 21.908655 28.801295  
15.444737 11.058689 0.310807 24.226600  
5.490242 22.994756 3.937526 8.066048  
1.741860 16.519031 0.716736 7.598248  
4.646261 2.273184 0.497527 2.964142  
10.007890 13.415597 25.786720 17.200883  
14.282966 16.595812 17.642557 14.981396  
20.066687 26.379761 11.436945 2.996633  
15.343281 3.345599 1.797927 0.788018  
14.404288 2.108735 25.014618 19.894530  
25.103490 28.952144 27.960578 26.845350  
15.471175 28.677314 4.443599 20.117436  
0.950498 4.941125 23.081577 10.958388  
18.356722 18.868297 28.159272 2.639689  
5.464109 15.801829 17.621085 25.530797  
12.181590 29.058029 28.527429 27.524871  
2.403629 0.325357 28.312889 16.807917  
2.434092 23.327507 6.702447 27.537582  
22.279651 4.663025 24.382932 7.750826  
3.340340 28.826531 27.868262 4.290838  
3.767656 20.949839 15.249226 22.124378  
9.818136 13.408498 24.764067 15.282246  
29.210327 12.385152 10.813042 11.391917  
11.443181 9.340472 8.916787 13.846810  
9.665829 7.229676 0.654727 12.099920  
0.557184 7.357174 9.637502 22.836835  
12.020200 4.020434 0.587661 15.360539  
2.846965 28.455923 19.651377 6.614620  
19.405762 4.900604 28.738999 29.223898  
18.309101 23.503065 14.506144 17.519428  
5.888217 25.319186 28.911345 17.331398  
4.659658 7.828132 1.178208 14.325487  
15.057808 1.832935 26.425407 15.614992  
9.190109 6.062909 8.451827 21.210309  
10.083343 9.039488 6.570848 12.930308  
7.495410 26.222225 19.544928 26.901172  
1.122829 18.283927 26.125070 19.431930  
11.786992 10.631214 6.951358 17.675210  
5.950400 5.862703 5.006608 10.610058  
13.690835 6.184816 24.935544 28.748643  
8.017751 21.360951 14.363635 17.207860  
27.423861 22.815462 8.418168 7.507204  
1.854949 14.989016 20.437511 9.350360  
11.211241 9.982440 6.251532 12.334070  
28.266367 2.376601 1.766000 10.053359  
13.007815 8.717359 27.728568 18.958215  
14.580062 2.735176 29.568272 28.270897  
8.919992 24.503817 27.019540 16.937743  
15.864768 11.383175 4.145602 13.288629  
4.198637 12.563770 20.795833 6.053586  
27.552786 11.233344 15.403946 8.764028  
21.215784 21.655477 21.098098 19.482150  
24.032079 22.864098 29.535509 7.039894  
1.581457 27.264078 25.998108 16.161519  
29.999254 25.566381 14.432416 8.919246  
20.070198 11.451956 25.856988 5.934966  
22.835131 0.002591 19.223595 27.033768  
12.566361 10.019427 3.087354 10.119147  
21.252771 18.491299 18.883175 12.468555  
10.146776 9.981273 1.950705 4.178855  
2.845371 1.486214 11.218749 4.426828  
28.750292 7.216857 20.588347 28.749546  
2.783238 5.020763 7.668792 22.853435  
16.472719 3.525780 28.788401 9.307850  
3.528371 18.011996 6.341618 16.094731  
28.031423 9.428971 26.213879 19.284195  
27.920270 15.097054 1.752750 8.067047  
25.078327 3.703455 12.245902 27.923698  
5.189669 23.464651 2.350526 3.939962  
0.681508 22.938873 2.689507 3.464745  
27.959636 10.358299 26.318181 14.432355  
13.884079 25.106582 23.740205 17.412450  
13.118578 0.081822 3.507181 11.150001  
9.510793 29.721060 0.434196 7.431064  
14.818114 2.186945 15.498111 9.896440  
5.890400 27.744013 7.820138 11.080069  
21.208663 10.170664 15.020031 21.890171  
3.109537 17.709538 25.354916 1.069172  
28.067837 21.673097 15.501527 11.951917  
16.779678 9.241732 29.364366 29.898256  
9.323554 2.871547 11.048257 18.834347  
2.592607 11.482453 26.265411 17.410721  
13.669398 11.763522 27.307161 19.559798  
9.507535 5.127299 0.639867 0.716198  
15.297963 15.659898 22.606369 18.407499  
3.369437 17.961285 19.476671 1.437274  
9.634382 4.978198 13.389191 26.414060  
14.219930 12.753557 26.312316 23.543484  
15.625105 7.360574 12.377831 18.217712  
18.843026 8.643242 5.628433 2.512424  
20.406764 2.935594 22.072222 29.914299  
8.062893 22.712089 0.630497 23.360855  
8.371988 23.236866 11.768354 11.741424  
11.198151 1.245026 13.178699 20.832533  
6.223224 26.567889 17.246593 20.443154  
9.321447 13.558909 13.986638 24.946551  
20.919483 26.364469 13.164263 9.762509  
5.007711 18.792696 12.274933 25.414476  
21.728290 4.347155 25.328775 29.791183  
27.059245 25.959272 23.152038 5.431233  
19.196138 4.920393 17.172657 0.394289  
6.165419 0.351356 21.226822 12.388643  
26.919245 8.473415 2.831797 6.240692  
22.032325 16.818435 1.187243 12.951807  
13.182904 14.351506 22.714317 18.190616  
3.144202 4.989250 13.605091 24.872491  
9.336405 8.933866 24.663674 6.395650  
4.893138 17.815712 11.826883 24.089277  
22.736105 28.999540 24.483566 28.901523  
29.350895 15.710388 11.290166 26.270140  
24.183803 14.121963 2.510832 16.216128  
0.940398 3.698074 29.167935 14.123302  
18.049580 21.882252 2.313918 21.193782  
26.871502 15.919009 16.066273 6.207907  
24.852876 10.729947 12.603558 29.746014  
28.545659 24.430440 23.835291 21.281764  
23.429980 18.318856 20.183288 22.780875  
4.029244 1.473454 19.051015 28.213047  
15.595417 21.561847 14.429175 16.535815  
25.259922 13.597110 0.659117 13.309502  
5.479362 2.973035 4.503284 2.350864  
18.892045 20.569557 8.558771 13.744920  
1.299504 21.162329 13.490934 29.845163  
15.592769 7.326225 21.126927 9.022749  
25.645081 11.310215 1.803624 29.674326  
12.783668 20.854640 27.887373 28.379085  
12.416487 12.316548 14.914900 7.676409  
25.913658 15.574018 20.985911 1.393020  
18.547053 25.489194 3.743884 7.439098  
16.058751 12.302655 21.184018 17.358254  
3.464984 4.674952 17.203417 19.057753  
12.001177 8.330344 28.080502 7.646258  
19.640559 29.884126 7.320583 2.424227  
20.738766 5.207956 0.803313 3.155253  
17.524504 15.718213 10.831661 13.438162  
1.292230 1.817572 14.831183 19.839283  
27.306766 18.575067 27.278381 13.365517  
0.877722 18.462399 0.723771 4.342706  
23.137350 17.927188 23.400458 5.138527  
26.257532 21.480960 12.784785 15.898091  
21.365086 20.105368 18.322319 12.103852  
25.313324 19.125631 15.259105 12.837829  
4.843844 26.090766 26.275991 6.136075  
27.908338 11.107174 25.975358 25.215104  
29.682240 23.253739 8.580620 0.559962  
11.716138 9.304391 4.902668 4.853488  
27.231579 28.303126 9.992015 23.489111  
19.784086 22.776800 9.387202 11.149172  
12.882168 27.709521 23.253024 8.195493  
16.835152 8.512129 21.033321 21.678996  
4.602895 17.309313 27.815071 2.511232  
28.416486 23.790429 27.726336 28.098727  
17.044168 6.306956 28.658689 28.760305  
15.611347 3.561356 3.613793 12.842925  
1.864482 13.605808 6.332036 21.648569  
6.382608 15.719238 2.797741 19.264776  
13.428759 26.050765 27.460269 0.263911  
4.562894 18.493590 21.942907 9.165789  
5.802903 19.757978 11.677022 4.219389  
13.548407 9.403357 2.318116 0.592574  
15.710313 0.976805 29.352879 1.321660  
4.538161 2.966672 14.164586 6.402644  
16.572481 20.496622 28.051212 22.955089  
6.215860 0.848953 12.219865 19.644620  
26.899719 9.680134 19.908531 1.462613  
28.173725 11.851438 10.628402 3.976628  
1.609415 22.305424 8.196017 15.157822  
1.708781 10.514133 15.750396 17.419095  
11.490938 15.103275 18.740755 16.029099  
18.069948 2.905340 22.431743 4.642429  
23.401962 20.482955 27.597518 29.617823  
21.331909 9.817383 19.262442 18.231628  
19.497517 9.170973 19.694241 17.671242  
21.022411 0.322643 21.647870 22.631826  
22.628067 29.843887 7.789648 24.336849  
10.358021 23.540044 11.755943 21.848959  
8.643320 0.496698 7.878058 26.713268  
3.402039 0.309801 1.355696 26.804001  
20.792756 28.953214 26.421824 12.124665  
8.770597 15.684266 0.356293 28.268114  
24.855239 20.050534 15.939356 15.877650  
20.373177 7.587227 8.509476 13.001244  
7.431114 16.299124 7.338092 17.789135  
9.839169 19.094036 9.638093 18.482488  
19.590734 17.516151 15.195756 22.992772  
17.825953 16.551452 19.796774 8.618709  
15.504666 16.218597 20.743374 24.275262  
1.902864 21.099667 22.543376 26.758103  
11.150200 8.482733 12.635753 1.523377  
16.069959 21.145229 14.524621 23.501073  
7.444353 21.862714 11.290208 17.283522  
10.956749 20.928301 5.766010 0.547483  
8.444453 20.961766 23.540256 26.270405  
7.513218 13.337029 4.889114 23.017884  
29.555627 25.632489 17.293146 1.458490  
16.732155 9.836522 28.216593 27.882356  
18.319255 10.852346 29.405733 4.389214  
1.997575 13.930354 27.890287 9.441929  
5.793068 9.180495 26.725451 16.749817  
0.108797 2.491461 17.297300 8.553249  
23.453227 10.837556 4.823655 0.966445  
24.174585 9.712769 23.984329 23.730211  
5.345258 11.277474 25.188701 22.077413  
21.113996 23.405295 19.959769 9.433251  
4.257641 19.365502 13.822465 6.255216  
3.295856 11.712753 15.697145 9.088924  
20.893248 12.422595 25.838741 21.002044  
14.914056 13.136041 29.555294 8.367283  
23.973597 4.378948 9.333728 18.148182  
14.091717 3.318056 11.878393 19.436975  
14.595531 7.067095 11.514388 5.709527  
0.472389 1.474157 15.142778 4.730030  
20.839659 28.965244 10.985246 24.135515  
10.677996 26.682391 3.224439 1.571244  
9.104986 29.063180 22.573288 24.019042  
12.199222 22.128582 2.386325 6.172819  
26.507530 11.720053 24.321001 10.599247  
15.038109 6.199394 0.036222 29.633640  
13.266488 11.550610 5.343167 13.738878  
13.024767 20.485946 18.468908 3.864425  
19.451190 29.454154 27.999940 0.129186  
26.136545 1.224379 1.700430 5.241531  
0.287559 24.273718 29.260573 12.486781  
16.402300 1.646898 18.659600 12.909830  
13.366951 12.980600 23.509078 28.405060  
19.179994 23.545300 28.038700 2.446482  
5.095910 3.381868 16.185360 18.120676  
23.867813 4.654268 21.985101 13.319003  
4.108422 19.985042 13.448189 0.244967  
21.209421 15.148618 5.486498 21.496980  
9.422337 4.747071 3.983761 25.824637  
6.393969 22.643361 8.734467 19.760920  
5.623961 2.243544 18.165981 24.803955  
25.788844 16.204681 27.250437 0.884754  
19.586549 13.435797 19.005430 13.454362  
18.090066 10.990532 26.773365 22.198488  
0.975573 10.221554 22.443455 22.184994  
25.370172 27.929954 13.681974 4.792509  
2.677025 17.665735 0.617145 9.070994  
10.309096 9.351612 28.831915 15.933057  
11.595156 16.997895 10.737012 7.384001  
3.202576 7.987449 8.268755 22.789125  
21.423246 27.274185 6.243487 9.513312  
8.264717 3.016852 1.711800 9.240290  
13.238405 24.155255 1.425284 8.608577  
22.085208 15.107259 13.401086 24.762233  
2.772994 14.018231 3.833228 13.082090  
23.369843 2.665142 29.015147 4.964999  
19.663038 9.752159 12.349000 22.865614  
17.739608 20.617755 15.654739 9.162854  
17.891940 21.898226 18.676166 26.156657  
24.915078 20.387965 5.396947 8.153483  
14.543220 6.822231 16.762060 6.628428  
21.929489 0.163146 1.390661 24.702483  
14.181378 5.223889 7.784573 7.551221  
7.889031 6.799720 12.516220 27.552069  
16.551879 24.865220 20.417683 4.291487  
15.482975 6.072422 13.454341 3.374915  
27.970648 2.130506 29.531571 22.885725  
22.518471 4.928518 1.039208 7.061691  
11.750749 17.801269 13.690120 3.680239  
17.964415 15.080781 28.382722 2.145793  
20.304670 6.167295 9.697013 28.193701  
12.967016 22.213233 25.745771 29.518895  
17.078453 16.163454 3.810382 2.561429  
22.235876 17.264722 5.936343 20.206524  
19.395228 5.467915 13.092249 11.913700  
10.396433 14.131457 18.975391 22.147182  
1.932726 2.665511 25.827420 19.897141  
17.746292 24.210142 22.042934 8.050962  
0.377438 1.739947 6.244663 13.344454  
23.953180 1.990434 12.863349 11.031634  
18.153888 16.673730 13.593062 10.389764  
3.938452 19.529406 0.596287 23.333681  
24.997320 13.688536 5.247381 5.393753  
27.819994 24.222772 27.540935 29.752720  
26.888283 23.368356 19.649861 14.634574  
17.578498 11.692795 22.685536 17.955936  
13.432742 28.930199 1.300390 7.385922  
0.920633 14.163738 18.417556 19.074521  
0.837468 2.010618 29.464284 4.775921  
21.540023 0.060572 28.109602 16.537344  
13.749108 3.356982 21.931097 11.569102  
27.579754 19.472033 11.321822 24.468037  
12.840388 0.971683 9.102611 0.418887  
12.664478 1.788147 18.374823 26.097220  
0.718347 19.675212 3.483142 1.638980  
3.838950 21.900698 20.713501 4.676419  
23.911315 20.177785 9.452340 15.451339  
20.238357 7.561941 1.988683 3.987465  
10.918923 23.919780 15.556567 8.498677  
13.391812 26.878389 2.966714 26.232201  
27.850072 12.069325 26.651087 10.514550  
13.857473 15.025910 6.611770 14.575820  
4.701122 10.094912 16.214800 8.540073  
1.995609 6.928301 13.216491 25.906925  
27.106086 22.668831 11.358264 17.344443  
0.230772 13.346946 21.331908 11.149695  
7.266726 6.888475 19.648373 20.658539  
3.766864 22.615087 16.890739 1.616936  
4.684412 13.541827 12.131486 18.541885  
28.567737 18.743256 3.117704 3.268859  
28.838167 19.332504 11.808931 0.833777  
26.260805 25.025423 26.740701 23.366891  
17.694253 8.098965 10.711335 17.925025  
21.445911 2.043243 29.074721 28.712637  
8.931718 18.723093 19.371176 12.698582  
11.338180 6.261915 14.315518 16.022592  
19.803742 26.447004 4.564477 18.371479  
15.190259 7.682181 21.640337 14.028427  
27.014685 3.449268 14.862203 23.275491  
28.474691 11.602905 16.642382 16.168944  
19.701870 27.353717 4.093970 11.147781  
29.396959 3.168690 9.860418 8.328677  
21.891783 29.231594 21.027259 3.229963  
5.493510 5.342777 19.252555 25.297252  
1.789780 23.817031 13.668731 16.980040  
1.499212 5.309068 1.008466 28.513898  
8.758336 15.870670 21.789388 7.233027  
27.473574 8.431770 23.401971 17.175444  
5.785487 27.495941 28.323225 5.182446  
0.664631 8.183643 13.511123 22.556414  
7.415237 4.538382 25.786377 12.908747  
9.881158 15.038932 8.205999 11.670938  
8.855963 21.874730 28.650978 10.355175  
27.183797 29.659444 8.869073 5.942134  
15.530114 0.658461 13.175161 13.003689  
9.090231 6.577132 0.179133 14.875718  
4.073073 28.502358 20.058164 4.737704  
6.686001 3.569287 27.294118 14.101238  
8.107668 23.080495 27.009985 17.988827  
8.119427 5.215985 29.659765 16.975390  
27.090714 28.310743 27.330565 24.274512  
27.970187 6.199638 0.216645 13.500302  
6.858099 13.391806 26.503990 15.948330  
19.968938 26.683123 0.824047 24.042012  
25.185481 20.882211 28.779716 1.871482  
24.451497 26.073834 15.972720 2.559166  
19.154329 12.982705 20.547992 27.273757  
18.198690 20.207757 14.249147 15.289404  
18.518500 11.579712 9.563916 16.488688  
17.779350 9.780562 29.988989 24.637449  
23.172368 26.492980 10.585779 13.141306  
23.176103 11.409826 7.183318 18.361584  
2.292037 5.963034 20.233066 26.743534  
2.036868 6.205786 29.302700 21.191197  
19.188491 19.850692 18.464954 7.387181  
10.058449 2.714100 22.676585 28.576949  
14.293813 2.240502 15.065637 2.073163  
12.021063 15.054626 26.710612 5.193431  
11.547606 7.296390 18.334738 4.723709  
18.706216 25.518055 23.085293 20.998253  
1.481089 13.318359 17.741787 3.517956  
19.524144 17.044487 24.709153 8.712635  
6.895179 13.174107 16.099816 16.953628  
15.888207 8.776402 15.530577 0.182020  
11.016903 0.596214 2.255182 23.037967  
15.650840 28.965794 28.231398 27.198446  
6.262184 16.566136 1.922154 24.968401  
12.084191 25.007447 15.966654 13.565280  
8.325806 3.708441 17.083236 27.849950  
20.752928 11.792390 6.562585 27.648107  
24.966497 22.662401 14.601734 10.854704  
1.438803 0.132311 11.036724 12.455706  
0.728525 13.291906 5.493673 16.379364  
12.257700 3.725071 13.577810 18.519885  
20.291206 15.499964 13.488286 2.375397  
10.507412 29.454939 15.940677 18.833217  
3.163380 3.023914 16.683167 23.916308  
14.816304 23.245753 21.564414 9.782800  
15.908154 6.166149 20.637505 17.346956  
6.298460 1.674228 29.802662 7.026985  
14.966135 5.296335 23.406349 27.223835  
9.021406 6.984159 15.743720 29.312612  
22.484123 29.232006 1.688009 2.991535  
28.686945 17.628686 21.824752 1.850325  
20.652600 8.507920 25.766633 5.468904  
1.753672 17.331048 15.251704 17.661826  
23.497196 5.889209 5.008782 29.795656  
7.563437 4.811445 6.822641 22.529572  
10.107780 0.228990 19.753407 19.129186  
7.213149 5.497127 18.441798 29.697272  
4.729133 20.129807 2.688807 3.416078  
7.758493 24.513559 5.266403 28.411093  
3.021479 1.033036 3.879997 4.775151  
18.364084 19.131701 22.436977 11.861280  
25.020910 27.445760 11.656936 2.584346  
2.257205 18.479576 25.113918 12.364985  
18.708566 14.867325 1.494170 25.921715  
20.364452 19.935968 25.618987 25.093585  
10.065775 28.307794 28.509662 17.824268  
22.821353 3.776065 16.235361 25.842832  
4.809101 20.115358 0.617984 23.173185  
9.247059 23.054961 5.034464 4.267968  
20.500721 16.691400 6.852315 22.757926  
5.170977 1.966233 5.122911 23.879543  
16.833558 6.617081 19.801258 7.198010  
26.553049 15.420245 2.291594 6.618824  
13.728039 0.801256 24.443092 6.549392  
4.577322 10.678453 2.392224 9.386423  
0.793811 3.010208 2.559607 10.040870  
26.065169 7.594072 14.308838 16.565890  
24.285472 21.161153 9.323816 29.456449  
23.127386 14.446727 23.335992 9.960944  
21.063808 13.137249 17.158954 17.616857  
28.557494 19.450548 24.235681 12.285533  
20.251805 18.678773 18.834924 24.829126  
29.357226 21.227149 4.215549 0.151037  
24.237356 6.775156 10.191907 20.302525  
14.369228 24.500745 6.868415 8.654700  
15.661898 16.192231 8.111149 8.789285  
0.638958 1.447141 18.750229 21.702766  
14.584390 5.909183 9.319622 13.141884  
25.359731 3.555303 25.427417 15.611536  
22.234076 14.262341 10.440662 21.591302  
5.489490 14.656211 21.742339 29.726846  
21.431368 1.934245 20.029371 5.800596  
26.434991 26.897787 14.455296 12.096889  
13.090018 22.566445 20.886174 13.728976  
24.013585 9.636402 5.431742 8.597975  
15.545585 14.751364 21.739859 10.905316  
18.306667 17.167276 26.516852 10.540743  
1.429617 6.957514 2.132045 6.919107  
21.613725 23.874384 6.645953 13.045093  
25.808629 26.675325 18.845689 22.243619  
23.573112 3.300985 4.340508 6.663130  
25.867430 25.226682 20.392106 19.881015  
4.863084 25.823848 28.478990 20.408669  
10.575213 20.218850 1.313985 28.881880  
7.386126 27.830837 9.422623 8.815743  
4.788351 11.554668 15.734850 26.402077  
5.429052 22.380804 9.447170 1.237681  
19.056128 28.292859 23.481300 12.629240  
1.593844 27.821809 19.292370 27.461273  
23.048491 9.684476 17.342288 27.911575  
5.508324 15.821279 18.320244 16.083537  
6.040129 19.634229 14.965417 13.426255  
17.465067 24.388041 22.241998 22.253418  
5.942709 7.976848 18.655495 11.371761  
0.357652 28.102665 12.609442 19.413780  
26.395524 6.090742 2.043020 27.989367  
3.912551 21.335390 25.450641 26.961041  
1.019866 12.792929 24.872616 6.528190  
28.614208 13.192860 22.611727 4.654337  
2.827089 7.577144 18.080591 20.292156  
1.965185 10.322589 12.545575 7.907894  
18.299438 1.201070 19.279655 18.657090  
29.303735 1.889097 8.070870 25.699259  
7.979839 10.113890 23.688626 11.892390  
1.449280 19.139267 8.853431 2.469146  
1.932196 3.726047 8.997336 0.546404  
16.918907 1.609063 5.200740 19.745996  
9.186207 23.281332 10.038152 11.151393  
3.603921 22.583727 19.059287 21.903359  
23.784797 8.338942 10.560448 23.088531  
10.228039 18.631318 18.787790 18.207878  
28.745208 12.476416 0.100268 0.194488  
1.615682 8.953699 2.663633 3.547878  
12.679746 11.660969 4.094282 29.598652  
13.270032 9.295022 19.344649 22.456240  
2.576354 29.382801 3.607632 6.180275  
21.966528 22.666919 28.083634 15.751325  
1.005861 8.644082 8.839856 11.233900  
27.275400 27.627646 29.441779 26.020608  
10.104062 29.542047 26.215096 11.719745  
8.495746 28.878729 15.267623 21.175491  
10.539698 19.361905 20.774144 23.809730  
28.656927 10.118792 16.265969 1.233281  
9.501593 19.873601 7.413556 1.468122  
12.540520 5.497189 17.219446 13.546381  
14.141271 26.059303 24.780282 11.416671  
23.686949 24.222060 7.437279 3.791011  
23.764107 3.652374 15.510756 2.259853  
2.531103 0.778378 23.435344 13.070801  
20.140283 14.209488 6.880531 18.797210  
24.328280 23.146500 20.030491 3.829874  
13.020101 27.444046 5.297995 25.560622  
2.941235 22.517441 9.107003 17.082506  
18.576744 3.887285 28.499177 12.263693  
28.109345 5.936456 16.054704 21.873452  
9.588830 1.565459 24.133305 12.119933  
2.343837 17.568649 25.190734 22.484120  
1.778137 2.071264 11.281330 26.106417  
25.217764 1.311821 29.936290 8.237866  
28.755867 5.234285 3.798487 1.697102  
27.751727 12.905490 18.779609 16.328471  
16.792775 17.278786 28.592163 14.902121  
23.215241 14.646867 6.775573 2.804071  
16.212326 0.908878 14.924004 18.556163  
18.477527 10.114738 11.040284 20.255663  
12.186002 22.321614 16.362080 7.403767  
23.633435 16.298370 15.641632 22.389302  
21.532656 19.440119 24.086404 19.284382  
2.345610 12.866013 5.612853 19.138385  
0.144799 4.205016 4.040506 23.360040  
18.851883 10.816079 26.164112 5.064209  
11.724957 11.088116 23.620372 0.202484  
21.202854 4.660656 20.458148 3.388856  
26.982270 6.820228 10.792623 20.615705  
23.118598 26.434255 13.005007 14.651253  
15.874375 7.091411 3.935636 18.219984  
19.957424 9.548488 7.358370 20.102223  
13.753504 11.398876 13.462263 2.605387  
22.214955 9.626375 7.669596 3.939912  
20.714491 1.289968 4.142396 11.917345  
5.950624 24.600544 15.306201 2.932894  
1.420772 26.098824 23.548600 24.539370  
22.533080 6.553607 9.190623 8.407454  
13.645018 13.126259 26.627439 3.602443  
22.674747 3.985809 23.704666 6.428251  
15.384684 7.166929 9.033638 7.599640  
16.793304 16.703234 11.539552 7.507795  
17.993202 15.681948 19.425140 23.943826  
10.282492 4.731341 26.876720 11.703264  
0.830165 20.425320 6.242634 23.363245  
26.978926 15.433257 1.770700 10.623945  
28.559516 28.398138 14.226387 21.234263  
2.383947 7.931053 27.662514 17.768632  
15.097982 6.696152 25.368271 1.891286  
23.399385 6.907823 9.399081 11.392587  
22.589771 28.824221 5.336413 2.872264  
3.555561 2.213133 14.575528 4.385727  
22.638452 20.818162 27.748972 19.617379  
6.251419 29.519671 0.241323 4.810934  
27.917810 14.467711 26.045197 0.301757  
22.398764 23.707711 18.070388 7.496746  
0.403862 13.438659 9.388033 23.803248  
20.346482 18.787114 5.195835 12.936253  
17.611334 10.532247 15.808517 21.166895  
12.745380 0.384045 25.552622 5.383832  
21.202207 23.301594 25.001210 27.453625  
22.821266 25.242534 2.264560 20.739075  
9.710244 28.309757 21.040832 2.109008  
22.017467 9.111221 9.605755 22.421329  
22.549880 18.993787 16.224577 12.896362  
7.780901 21.420412 25.832616 25.392235  
1.952659 11.641133 16.559130 14.698039  
12.025178 12.111752 20.081871 3.227385  
5.413347 15.083081 0.681010 28.234612  
10.325615 2.945570 18.973688 20.035859  
1.255326 10.014520 22.144867 23.272794  
19.125741 1.750622 15.694123 11.675621  
20.744409 1.918700 24.571983 28.525310  
23.339111 20.404599 23.917544 25.291770  
2.045732 10.476675 9.989809 14.070910  
22.588427 0.071680 17.298295 28.001774  
15.154761 17.979305 26.236386 25.480376  
20.924875 15.210073 15.516235 22.180202  
25.224593 7.661102 15.452995 14.350334  
9.411724 1.147118 26.025955 0.156133  
3.065818 20.597938 28.681443 26.404930  
11.002538 22.598988 21.696700 13.048270  
3.075662 1.686509 27.119180 25.664089  
1.758188 14.417476 23.665863 16.912949  
2.396781 19.902249 12.393325 23.321656  
5.112322 27.909559 15.501858 0.336915  
5.570662 0.954854 14.687249 14.982386  
2.101972 10.713204 15.138519 5.167790  
1.311143 13.819962 1.572720 12.313680  
6.418950 23.269420 25.361950 9.494612  
24.955929 22.481130 5.158701 26.714117  
6.898606 28.824564 13.627066 9.295387  
18.726813 26.020391 2.617043 23.839135  
23.929950 18.118902 24.176050 29.500612  
19.073756 8.863300 14.482998 21.175728  
19.576504 29.621517 26.343518 20.887646  
13.441479 27.916238 3.201326 19.860429  
21.185658 28.563276 29.355042 16.141587  
21.044407 4.513743 12.855704 27.943013  
3.338307 26.482770 7.238400 22.065120  
22.503161 9.855443 15.904255 16.433111  
27.974345 10.080305 15.933723 17.048101  
18.943605 0.416721 8.223828 8.520109  
0.038238 4.567346 29.407755 13.479718  
2.483585 2.609082 3.340147 23.669243  
1.172358 2.695189 9.810829 22.216765  
7.208932 22.666533 20.159778 10.547239  
19.149303 27.398177 2.612359 11.652464  
7.253621 18.516614 28.085575 5.227965  
28.596920 14.019298 22.276066 17.540525  
14.436020 0.499894 26.060633 14.474258  
5.067241 25.468389 27.953976 7.550825  
28.077470 1.294123 1.220068 29.249829  
3.989312 11.030897 21.466594 11.198243  
3.697430 11.626371 21.745482 22.846733  
9.024549 24.357841 4.499196 16.278169  
12.874455 2.584771 21.506135 11.471375  
16.604070 13.782201 29.011900 1.040089  
14.282095 25.072533 15.514347 19.349336  
20.540922 13.468323 26.900161 18.618392  
14.762446 28.120229 17.868221 18.751757  
9.151126 9.334814 29.950000 12.848556  
20.961185 21.695482 5.695289 29.985734  
16.053324 10.194485 16.263903 28.927779  
12.779257 7.770038 10.399154 29.383326  
21.552239 9.411053 0.423416 5.834334  
4.483586 15.937763 25.183669 25.024508  
29.406086 22.083830 13.642900 14.168532  
20.204060 1.511120 2.920289 29.355186  
10.845935 2.870289 12.203742 1.807120  
24.565772 17.899031 1.792854 10.619095  
28.093517 18.056757 9.546874 10.872774  
25.826795 19.946028 10.256100 17.379034  
29.357081 10.679515 23.213367 3.840668  
26.617278 18.397037 28.865176 26.023364  
10.480867 12.508076 10.191895 0.684927  
14.019196 13.112184 0.040113 24.865131  
15.982474 12.243855 26.672251 10.548245  
0.142886 28.465104 21.167341 28.236403  
16.521861 0.714215 9.109177 12.348657  
20.660243 19.365276 29.727690 20.017324  
0.044792 22.941058 23.857992 26.662070  
11.338094 22.723168 22.685434 21.818962  
5.231243 2.877329 22.503888 19.250440  
15.989513 22.544001 14.115570 1.971987  
4.787856 10.787821 12.520232 4.930742  
9.252925 3.687573 3.167145 25.774787  
4.401788 12.276322 8.123443 25.062031  
1.641598 7.851133 15.079355 1.686390  
0.792191 8.937347 28.348460 12.130286  
1.660514 21.033894 3.949247 6.891758  
23.911223 26.453136 26.142197 9.900737  
18.997137 10.257767 11.872723 23.784993  
21.045588 24.392956 28.715735 0.298513  
28.080529 1.882880 26.073300 2.482317  
14.159202 4.196743 27.544347 15.800800  
12.047876 12.623702 17.487190 12.840067  
21.561049 15.835651 24.970353 23.221564  
6.869545 28.919600 0.113321 0.780768  
25.372736 26.255518 10.681504 14.369872  
6.513286 22.554228 8.154865 27.558874  
16.947183 6.870600 27.857387 15.027712  
8.753480 23.930687 17.510029 22.912681  
28.127430 15.054376 8.713481 10.175307  
27.678079 26.200672 23.015374 19.239128  
12.036322 17.985727 12.460691 18.905867  
16.905327 12.574013 19.686635 12.278063  
8.829531 0.368139 26.647935 15.342817  
22.922367 4.802800 12.901691 9.869550  
11.673400 10.759078 24.897262 20.426879  
4.689766 12.407291 13.339561 2.817196  
27.461668 22.053042 12.992502 25.139746  
18.253714 6.007877 14.378874 0.290036  
23.993604 26.839565 19.195903 10.898931  
9.413578 8.882537 23.176994 18.243109  
9.250676 19.824929 3.585926 2.173043  
24.627729 16.487616 12.042593 6.301129  
27.246695 6.939855 26.728008 1.936460  
19.347146 10.067569 4.753656 16.808814  
2.120611 17.746159 11.948560 20.374324  
23.754035 26.327434 20.664360 17.747639  
23.166999 9.860263 28.646570 2.580577  
18.742800 21.823564 20.823686 27.993476  
11.648494 24.409611 0.166519 6.276223  
10.897228 12.209112 12.577352 8.143922  
19.148967 9.305361 10.080383 8.496113  
19.372930 14.834039 25.304927 21.493540  
2.580197 7.253487 11.867865 26.334233  
3.580921 2.532225 14.081872 26.747920  
12.392488 12.728442 29.328497 1.135288  
4.552006 20.152183 29.128764 16.200500  
14.561794 29.295283 22.476723 25.459022  
11.504394 5.054076 3.602944 0.653361  
14.359436 13.683327 9.149474 3.732366  
28.517366 4.454401 25.225906 1.097563  
11.707888 7.093771 27.431796 15.288810  
9.625997 11.513668 12.036730 22.018485  
24.242110 11.365227 23.153773 28.794116  
1.517410 22.282537 14.994616 16.079205  
21.577819 7.471340 11.538226 3.082213  
12.525415 15.141171 3.735574 26.884852  
28.824498 12.885048 0.617217 27.341863  
17.339450 25.843124 28.439426 29.047338  
2.936895 25.871222 14.336148 12.562892  
7.384890 26.372878 4.581376 1.626999  
7.738105 27.735149 0.421116 9.255516  
20.017685 15.415732 25.334720 11.595504  
22.887071 6.872947 14.677718 5.412487  
22.014118 18.413292 2.297338 20.838615  
1.298341 2.914556 18.180478 18.637790  
28.757679 16.619905 17.685129 1.694575  
12.491127 2.021276 14.257466 19.876016  
28.394154 18.838842 21.503016 6.132260  
16.573991 21.924131 15.387776 6.591676  
7.339863 10.722496 18.187181 0.226935  
17.595443 2.864899 5.639422 9.609560  
21.278191 7.936760 0.448176 22.576532  
10.851315 18.628654 11.214322 9.608995  
5.248558 28.899451 11.303569 17.739685  
0.920727 25.561036 7.615702 29.314881  
14.399878 29.118717 5.447141 0.973869  
21.042849 20.834917 7.565545 28.382712  
1.557413 25.752725 28.609647 19.152855  
28.617624 4.249069 28.762416 19.895815  
12.185828 29.210591 12.472346 23.037144  
17.839245 23.686668 2.646139 23.087804  
22.586119 13.949708 10.827489 23.506846  
9.510744 18.443191 22.821728 23.910621  
17.561908 28.268869 24.884490 8.604757  
19.103785 2.450035 6.987469 20.661198  
28.202760 5.597116 9.814053 26.820384  
9.846185 8.576469 16.716199 22.032013  
7.787061 29.188546 15.069157 25.626306  
22.875214 17.715296 18.714110 15.461333  
1.665004 29.541599 8.968179 11.175748  
17.984789 1.789907 5.086369 5.546698  
0.058775 29.970859 14.151455 19.162561  
2.420894 21.138924 9.823758 0.623654  
26.736041 19.637812 27.444038 6.582226  
28.214281 14.160238 28.614239 6.001341  
13.348783 13.683396 1.627647 6.223997  
1.398692 20.341757 21.685330 3.063696  
19.883356 0.653510 14.239444 7.868145  
2.443416 19.325813 13.414843 2.502192  
19.296672 27.566297 21.664753 21.717566  
18.705222 1.488511 22.341220 15.441262  
21.126323 19.785259 22.023488 19.340603  
3.945497 20.637726 25.341944 17.294280  
4.321123 26.969591 23.518277 5.719815  
17.311348 15.203607 8.783511 7.194704  
15.857117 23.022955 15.062849 18.300533  
12.348768 28.477692 20.802725 1.645440  
26.043989 12.467478 23.363006 14.749210  
13.955989 15.704227 0.190472 5.082311  
5.489485 22.213960 24.422915 9.434982  
12.851686 19.764859 26.729262 17.172809  
16.734450 20.247538 22.892624 4.045799  
5.451146 1.676134 11.240502 21.308262  
24.699089 26.303351 9.608795 7.047857  
24.781043 0.411520 8.693296 20.825032  
12.878998 2.056302 5.574242 26.834987  
17.760529 5.764715 1.917298 23.250014  
27.978675 26.340213 2.684996 10.830361  
16.105072 29.414258 28.003170 2.839522  
19.661796 20.895794 6.885321 25.112942  
22.571928 18.125823 16.421204 17.271017  
14.429175 26.029999 24.318873 9.210218  
26.441520 3.012170 0.035249 9.320518  
5.068472 5.609492 6.155504 22.829001  
11.374206 8.072803 16.079016 9.352881  
4.413015 18.764012 20.183242 20.518087  
18.178270 18.186412 23.357609 7.840066  
9.082206 0.242930 2.953008 1.654134  
18.368753 19.374212 18.925151 2.797928  
15.404212 13.244024 12.008146 11.845732  
16.256194 12.043395 21.166249 21.324666  
17.652887 27.321754 14.153667 29.027093  
5.394556 0.232683 8.379974 9.807572  
18.996695 28.563216 0.325659 7.174965  
16.749628 23.683268 15.015031 25.831835  
23.926198 17.968040 27.485969 12.294951  
7.342252 16.411119 15.092879 22.746464  
29.655144 27.101025 4.592195 15.911337  
9.144420 25.758445 7.236004 26.797306  
23.080198 21.389671 25.824399 28.474755  
21.622354 4.204373 8.282326 10.619049  
2.767589 8.607985 17.794014 19.517218  
2.291253 2.809046 15.349052 26.217450  
20.777085 12.835021 8.512401 28.119337  
29.246140 23.605281 20.865801 28.901284  
20.706305 25.457996 14.812621 29.850725  
21.216441 22.048625 26.648032 14.296639  
13.438296 22.472431 12.771394 5.060650  
26.676804 21.053720 15.679699 29.444393  
29.661705 3.473713 18.961611 1.952958  
6.282759 4.310663 28.170408 27.059844  
17.145684 6.682809 25.179181 16.391824  
0.288090 16.044982 15.293108 20.994395  
11.502979 0.105729 20.845120 2.719420  
22.154354 17.493152 17.016059 5.592650  
9.965583 29.787453 10.653300 6.642387  
20.841173 26.332999 6.086781 20.502878  
29.806712 25.048392 22.455835 6.089471  
29.359055 20.626243 3.149315 16.504740  
27.309052 28.328496 2.896564 27.597142  
14.373479 18.189672 18.591537 25.876458  
18.295401 9.436658 28.595877 10.449755  
26.929810 15.611936 16.042405 6.895393  
15.399388 26.695705 13.537781 6.240561  
23.028703 19.624562 26.743439 22.835415  
14.672954 19.199274 28.924886 14.032009  
9.825518 2.074201 0.536749 7.134570  
0.402697 3.433312 4.731712 14.776176  
21.622984 23.323249 10.652634 9.918385  
2.759907 9.248511 20.368141 29.689717  
24.860447 6.410546 6.585110 10.259835  
3.106250 20.122891 16.500396 26.134954  
9.747453 13.243835 18.970369 24.420407  
2.443109 17.895255 8.452416 12.268627  
19.969457 8.989165 19.403197 20.372154  
12.422477 24.134909 5.148330 4.045461  
17.458159 15.800964 13.963847 20.218066  
25.049475 4.331987 19.907783 19.909922  
10.742533 26.492894 0.169756 13.848783  
16.615785 16.670152 9.983737 26.363238  
29.913987 28.954106 20.783644 2.357097  
16.849361 29.236060 14.625724 6.818818  
8.225225 4.028921 27.190972 20.647702  
28.163830 2.339302 24.693163 15.621989  
18.140266 8.657010 5.840055 13.189741  
12.988997 25.747838 3.099663 23.731529  
22.240732 3.269419 7.580312 8.856516  
19.939572 17.564049 5.219754 19.853559  
16.518155 26.003398 22.210656 3.367517  
25.239459 6.836380 10.186335 3.464683  
10.865301 7.377306 24.112385 9.029131  
9.716609 18.805548 24.651120 27.856875  
27.462557 0.491175 11.046617 10.451554  
26.239013 14.146280 4.183083 18.479745  
17.415699 11.763396 27.336261 7.355271  
29.327445 2.556015 27.208830 15.845600  
28.559413 19.419486 19.213117 23.798872  
26.255866 29.399451 27.263555 7.121166  
6.776758 21.375940 16.150298 16.493366  
10.181488 10.801418 14.350242 7.644045  
11.292593 25.396858 18.095599 7.531606  
9.543138 22.278683 26.011351 26.958837  
4.042078 23.347612 4.314108 3.369523  
25.903627 1.522938 19.215123 24.463040  
20.942423 8.428240 18.261912 17.198289  
7.827691 15.525467 24.319455 14.604449  
6.901407 10.469753 1.097815 17.082894  
21.271171 15.448057 24.726940 2.563764  
10.844915 12.822539 10.095370 20.388053  
5.101221 6.106721 17.346890 9.143300  
29.454333 21.660998 12.512823 25.357960  
23.183936 1.727946 19.821000 14.126359  
10.156186 8.082911 1.324648 17.983878  
23.608378 25.644103 2.588326 0.509785  
6.113856 3.686142 17.592679 27.385027  
19.134199 12.319619 29.948791 29.979114  
25.142157 10.044161 20.367168 0.243379  
16.150882 7.714058 9.386678 15.605215  
29.375056 21.899501 10.963175 22.558991  
23.627448 0.784175 6.685350 3.783634  
8.867086 8.009998 21.767511 2.475464  
3.654101 24.355838 2.985249 9.767957  
28.041980 20.577928 7.152983 17.176178  
2.897546 7.101774 17.155292 28.039704  
17.145935 7.522460 28.283082 3.296818  
15.236518 7.669760 18.902033 14.611574  
29.569262 29.865208 7.170565 23.196709  
0.649383 13.855915 26.980343 9.516469  
21.865913 18.747855 11.991934 25.520014  
13.103692 14.977182 5.287971 11.145672  
5.555110 12.440954 28.321850 8.452656  
19.542729 15.477143 6.492360 6.688664  
22.999603 4.775442 9.985482 8.236121  
12.445202 28.887515 22.847694 12.014464  
28.752723 0.018259 5.211173 29.402106  
13.874175 2.191517 8.918575 5.740088  
20.939371 20.910509 1.260102 4.043064  
5.887691 6.548073 15.188735 11.442801  
18.989027 13.510586 19.895458 8.531756  
28.987728 26.387818 15.220420 21.987331  
1.163260 25.205901 0.223451 13.608462  
24.093416 23.071146 25.622926 22.846139  
23.089405 0.834100 22.248245 6.963580  
3.025616 1.166820 12.703668 23.964987  
22.077329 13.963770 28.008051 27.965020  
20.511843 13.196786 9.407821 9.500870  
26.707372 29.303279 18.032626 25.695100  
25.691097 3.253046 17.682431 26.854356  
28.458947 17.905883 10.462818 22.552363  
10.977029 6.085745 15.398501 4.066434  
6.919844 7.646746 11.030014 9.945461  
8.813567 23.733682 3.910448 0.890896  
7.697453 1.918499 28.855916 28.209296  
15.115285 8.263737 7.710166 11.822657  
7.567016 25.742792 7.517758 3.258113  
28.995838 25.200189 0.112469 27.454785  
13.106071 10.575288 20.007147 24.083100  
16.661033 5.405649 28.149534 23.580877  
13.052395 9.179548 3.526338 21.865962  
2.913230 7.436786 22.756857 10.610683  
9.355285 21.612773 8.819979 24.470570  
29.876510 16.530145 6.293227 7.443527  
12.272937 13.810985 10.701640 11.268775  
9.011174 10.814109 8.723560 22.117245  
21.389397 28.730707 16.200345 8.050430  
4.136356 14.349879 1.631307 17.188751  
23.529427 5.157645 9.054712 26.442657  
12.594431 1.811570 7.053339 21.949715  
23.424343 15.873318 16.420286 23.300853  
2.403463 22.713513 0.744379 14.676400  
6.524498 11.446019 25.945176 15.535672  
22.260128 4.668735 7.652917 13.649525  
3.399442 23.853262 21.699955 7.535798  
8.203141 23.331262 24.724549 1.732567  
28.488907 3.779261 28.175224 11.083337  
5.590831 5.228563 3.033053 29.015173  
21.101881 19.453338 22.316026 23.505344  
12.166851 23.060405 8.181745 18.691349  
4.506424 4.126920 4.227021 26.766552  
8.795656 11.879938 10.416078 12.195098  
5.733200 2.116033 19.730896 13.936341  
25.447295 14.455445 15.668908 23.936202  
18.234706 13.844132 5.019540 23.825536  
19.072696 8.052593 22.840710 10.174577  
27.505931 15.156735 3.679922 9.672783  
8.217141 11.861666 28.364132 12.723565  
15.988587 2.591153 9.490117 24.784242  
14.471091 19.906195 6.979340 20.204291  
22.022228 26.710236 4.140632 17.469524  
11.165680 19.809540 11.405726 29.400386  
3.653672 16.425266 23.225923 22.726368  
24.477859 16.066632 2.900945 21.983790  
1.223367 6.580866 1.656572 9.440508  
18.442532 0.020704 22.164073 4.431119  
2.611857 1.654190 29.215361 17.082949  
21.560385 6.194701 7.287240 13.582614  
2.904937 11.427871 1.052137 14.070618  
1.237411 12.457863 13.471004 4.891083  
28.883129 6.696926 27.617451 23.360988  
22.763559 0.518395 15.344777 23.986926  
7.099261 17.001350 3.427434 25.541794  
17.022054 25.591507 29.972913 19.633911  
27.245697 29.188274 6.716860 18.806082  
5.382976 14.004100 2.388696 8.287913  
25.431971 3.440833 22.358531 26.669382  
15.898697 5.829535 1.560465 14.781826  
12.526461 29.177916 8.142813 5.290020  
29.696311 23.487591 29.276946 6.795572  
10.488940 2.704380 2.337366 27.510994  
28.295886 2.310279 17.144906 25.541583  
1.498553 23.861766 14.347666 6.881529  
7.865865 16.736361 15.169442 3.297836  
20.177195 7.527973 29.967218 6.075891  
13.357508 1.527683 20.857717 25.883969  
0.705598 29.000530 1.173989 0.401909  
22.488121 0.450935 7.197481 2.977062  
3.155314 9.534847 0.488056 1.451201  
11.845126 17.632961 26.992784 13.343679  
11.494727 11.340450 20.225208 19.360592  
28.076811 5.394650 22.658428 18.254006  
12.922622 22.625646 24.329897 26.280130  
24.153329 15.187614 22.164099 24.858928  
14.188144 23.338087 25.260837 6.676265  
23.789022 2.458319 9.653327 26.944336  
11.993166 10.141383 28.395537 23.838292  
27.774344 25.388321 7.181971 9.269071  
6.728771 27.407179 28.629664 4.805581  
2.801829 21.288092 23.059587 15.724451  
13.913739 17.389484 12.004581 8.067068  
2.577098 4.168679 2.925996 16.765242  
27.506767 28.186833 23.441507 21.295788  
0.645152 3.094834 18.240125 12.638317  
13.236217 16.635662 6.476609 11.010561  
12.023983 13.658581 20.279632 18.752753  
11.065760 18.909296 23.558335 13.867588  
10.197388 16.617922 29.592039 24.111127  
4.007405 11.596620 2.178195 6.584503  
15.765299 5.104191 23.349745 13.272065  
3.291024 16.791252 4.567854 3.936175  
19.886086 22.807978 16.574493 3.122302  
9.443640 23.051102 14.132863 21.467623  
6.709683 4.412495 10.220376 17.775442  
23.321791 3.778710 1.643031 3.519179  
20.396632 1.235070 27.630306 24.404037  
12.831689 29.808501 0.988540 28.596988  
4.912691 24.338285 11.869053 8.203715  
11.129537 16.436907 12.139890 1.015622  
9.244885 28.714383 4.137925 18.688525  
21.765485 18.270788 10.156148 28.475168  
22.683283 20.376524 16.250610 16.005074  
24.155234 17.893641 19.524254 14.551866  
19.128710 17.154559 8.955903 1.960400  
16.963060 9.944443 0.557388 21.875751  
4.282728 12.426441 0.079466 15.412264  
28.863348 12.219356 16.427887 8.108233  
10.933739 20.565811 26.796759 2.699224  
8.836599 6.952907 1.174392 1.519882  
27.329431 17.425003 17.524956 21.484665  
5.318643 7.049210 6.036530 24.447354  
24.203769 14.992433 26.407753 11.166829  
24.936876 26.965141 3.042580 29.219604  
9.391582 3.122047 14.631869 8.254930  
15.341403 1.059756 16.363163 26.275142  
21.625567 13.159922 28.974367 0.462166  
20.112829 0.148759 1.982048 17.442260  
17.573762 19.507004 8.926924 22.892405  
26.556214 14.963454 17.339759 20.759983  
29.955888 13.747512 1.926813 24.892764  
10.712653 4.969393 24.112369 20.104234  
8.091440 8.744238 28.359164 23.432842  
9.803993 14.722327 19.707985 1.429560  
27.882249 18.682351 1.891726 17.995078  
18.831110 3.873773 5.437337 6.404872  
23.380777 14.364261 29.297277 19.936991  
29.327716 16.637035 10.696975 29.283604  
0.384547 12.623787 24.176368 11.097200  
17.593180 18.288736 1.201434 25.684620  
27.032974 29.560598 19.117462 6.836967  
14.282925 8.825447 8.266527 12.165174  
27.507798 10.158252 0.160252 16.338909  
14.032026 5.597589 22.743780 7.412803  
19.961850 22.041057 27.349795 19.289566  
8.678093 8.046769 18.573169 9.062640  
20.670557 12.749537 20.159840 8.263737  
1.038273 21.361274 3.948357 28.071247  
20.921873 23.065819 4.908214 5.204798  
1.891266 13.174741 17.369972 29.399064  
23.332994 17.530223 15.737973 7.365020  
23.127812 8.481753 14.777823 13.089662  
0.522810 12.127617 2.379228 9.200903  
20.174387 20.952397 18.263543 10.844943  
3.701935 8.423384 19.108680 4.740208  
29.784658 23.057037 2.811455 20.706531  
16.122856 7.719670 25.911329 18.014121  
20.894411 13.281300 17.413185 14.227405  
0.811524 3.151158 21.592425 23.939336  
11.632911 6.370247 7.028998 12.155721  
18.497865 9.408226 21.356625 8.672251  
0.360624 9.620168 19.517194 4.062558  
18.043552 8.625874 8.802766 17.828210  
1.682911 11.614221 8.534740 17.805766  
19.333891 4.446069 5.819888 10.228303  
17.727369 23.233073 24.455708 18.538893  
26.384231 16.048132 12.478228 8.017142  
22.418380 19.507226 20.172863 10.916244  
28.915453 11.529487 19.588496 29.276076  
21.149655 9.105690 3.338634 9.193207  
17.731564 12.141400 27.021417 19.414475  
23.755622 5.556157 7.220242 13.089513  
10.002226 13.040129 23.317816 27.729595  
6.273202 17.773523 16.268487 2.657433  
3.821656 28.746716 10.674575 26.240035  
18.253942 0.847438 7.156280 17.169395  
12.376925 26.744775 16.445471 3.526581  
5.850465 19.784105 12.719788 23.582030  
1.925505 9.741204 12.996505 25.681127  
15.297361 20.216746 8.770640 25.299587  
3.256876 2.088455 23.029182 9.530078  
19.861979 9.297669 12.187511 23.683634  
8.044385 22.862086 19.923670 26.298327  
23.709523 27.079950 13.467722 6.086449  
23.824725 29.913193 9.613029 29.675191  
19.697298 22.332817 23.257220 21.622803  
2.074021 6.253725 17.303929 17.371382  
26.470471 26.074569 12.670969 29.727347  
28.163025 5.700151 9.257425 18.025003  
14.997820 21.444935 11.708638 23.042205  
14.307021 1.632307 19.340532 8.016544  
28.712257 2.808253 14.102993 22.536982  
2.721446 23.716022 22.212173 22.418744  
16.048839 15.469393 14.041546 18.122861  
21.723118 1.345476 5.494243 18.193589  
27.420045 18.165212 17.920936 25.583069  
23.865363 27.178361 13.608073 8.863182  
18.623296 25.316710 1.905387 2.930317  
26.949018 21.245918 10.946862 25.661275  
24.054172 25.049855 18.198257 26.775618  
18.765877 10.410430 19.194362 4.814717  
25.879823 3.235908 22.937577 17.602941  
4.581384 28.431820 5.796530 2.001429  
16.597032 23.717466 27.584498 10.462395  
20.895827 11.192571 19.325577 9.519123  
6.509281 21.230963 12.449440 3.458299  
12.476882 23.396302 29.119574 6.531053  
18.446156 17.317831 3.306671 7.212034  
27.728261 22.501033 12.026750 23.608084  
25.736941 4.964328 11.211024 0.318325  
3.396148 17.007554 2.319753 19.993180  
10.725020 29.904252 0.455575 1.620847  
11.096822 19.781152 11.139969 17.606104  
11.012115 23.589409 21.064402 23.488997  
16.985711 20.183976 0.020050 5.431867  
7.501807 3.326721 12.643901 5.230068  
25.827754 24.670651 28.838152 21.564695  
29.634979 10.049176 21.883020 3.031127  
27.056730 24.202773 23.024307 7.781750  
24.107025 23.479881 9.402597 5.203847  
13.261033 20.542566 22.809951 24.273148  
